

Software Version	2.01.14



Experiment File Path:	C:\Users\Public\Documents\Experiments\Rachel\RNF_GrowthCurve_150719_plate5redo.xpt
Protocol File Path:	C:\Users\Public\Documents\Protocols\RNF_GrowthCurve.prt



Plate Number	Plate 1
Date	7/19/2015
Time	1:51:38 PM
Reader Type:	Synergy Mx
Reader Serial Number:	219512
Reading Type	Reader

Procedure Details

Plate Type	CellStar 48
Set Temperature	Incubator off
Start Kinetic	Runtime 16:00:00 (HH:MM:SS), Interval 0:15:00, 65 Reads
    Shake	Slow, Continuous
    Read	Absorbance Endpoint
	Full Plate
	Wavelengths:  600
	Read Speed: Normal,  Delay: 100 msec,  Measurements/Data Point: 8
End Kinetic	

600

Time	T° 600	A1	A2	A3	A4	A5	A6	A7	A8	B1	B2	B3	B4	B5	B6	B7	B8	C1	C2	C3	C4	C5	C6	C7	C8	D1	D2	D3	D4	D5	D6	D7	D8	E1	E2	E3	E4	E5	E6	E7	E8	F1	F2	F3	F4	F5	F6	F7	F8
0:14:43	22.8	0.110	0.066	0.069	0.093	0.099	0.111	0.115	0.102	0.093	0.064	0.069	0.092	0.097	0.107	0.113	0.107	0.092	0.066	0.077	0.091	0.096	0.110	0.113	0.101	0.097	0.103	0.100	0.107	0.153	0.097	0.099	0.041	0.090	0.105	0.103	0.107	0.150	0.096	0.092	0.040	0.090	0.105	0.097	0.101	0.151	0.096	0.089	0.041
0:29:43	23.0	0.113	0.068	0.071	0.092	0.100	0.112	0.116	0.101	0.096	0.065	0.070	0.093	0.097	0.108	0.115	0.109	0.096	0.067	0.079	0.093	0.098	0.110	0.113	0.103	0.096	0.105	0.099	0.109	0.155	0.099	0.106	0.041	0.093	0.107	0.099	0.108	0.153	0.097	0.094	0.041	0.091	0.107	0.104	0.102	0.154	0.097	0.091	0.041
0:44:43	23.2	0.118	0.070	0.073	0.094	0.099	0.114	0.118	0.105	0.099	0.067	0.072	0.093	0.099	0.108	0.115	0.109	0.099	0.068	0.080	0.092	0.097	0.112	0.113	0.104	0.094	0.107	0.101	0.109	0.158	0.101	0.108	0.041	0.090	0.108	0.100	0.110	0.155	0.100	0.096	0.041	0.091	0.108	0.098	0.108	0.157	0.099	0.093	0.041
0:59:43	23.4	0.125	0.072	0.075	0.094	0.101	0.115	0.121	0.109	0.102	0.068	0.074	0.094	0.099	0.111	0.116	0.110	0.102	0.069	0.082	0.094	0.097	0.113	0.114	0.105	0.091	0.108	0.102	0.110	0.161	0.103	0.113	0.041	0.088	0.109	0.105	0.111	0.158	0.102	0.100	0.040	0.092	0.110	0.100	0.107	0.159	0.101	0.096	0.041
1:14:43	23.6	0.129	0.075	0.079	0.095	0.099	0.120	0.122	0.110	0.107	0.070	0.077	0.095	0.100	0.112	0.118	0.112	0.106	0.072	0.085	0.093	0.098	0.114	0.115	0.105	0.097	0.111	0.101	0.111	0.164	0.106	0.118	0.041	0.090	0.110	0.100	0.112	0.160	0.104	0.103	0.041	0.094	0.111	0.097	0.109	0.161	0.104	0.099	0.041
1:29:43	23.7	0.136	0.077	0.081	0.096	0.104	0.121	0.125	0.112	0.113	0.073	0.080	0.096	0.102	0.114	0.120	0.114	0.112	0.077	0.088	0.094	0.098	0.116	0.117	0.108	0.098	0.112	0.102	0.115	0.167	0.109	0.123	0.041	0.089	0.113	0.103	0.112	0.163	0.108	0.107	0.041	0.092	0.113	0.106	0.110	0.164	0.107	0.103	0.041
1:44:43	23.8	0.144	0.081	0.085	0.093	0.106	0.124	0.127	0.116	0.119	0.076	0.084	0.096	0.103	0.117	0.122	0.116	0.118	0.077	0.091	0.095	0.099	0.118	0.117	0.110	0.087	0.112	0.101	0.114	0.169	0.113	0.132	0.041	0.090	0.113	0.105	0.114	0.165	0.111	0.112	0.040	0.102	0.118	0.100	0.111	0.166	0.111	0.107	0.041
1:59:43	23.9	0.151	0.086	0.090	0.092	0.107	0.127	0.130	0.120	0.126	0.079	0.089	0.098	0.104	0.119	0.124	0.114	0.125	0.080	0.097	0.095	0.102	0.120	0.120	0.112	0.104	0.114	0.101	0.117	0.172	0.118	0.136	0.041	0.094	0.115	0.107	0.117	0.167	0.116	0.119	0.040	0.096	0.119	0.101	0.113	0.168	0.115	0.111	0.041
2:14:43	24.0	0.160	0.089	0.095	0.099	0.109	0.129	0.132	0.124	0.131	0.082	0.093	0.100	0.107	0.122	0.126	0.121	0.131	0.084	0.102	0.097	0.104	0.124	0.122	0.115	0.106	0.117	0.106	0.119	0.174	0.123	0.145	0.041	0.091	0.116	0.107	0.116	0.169	0.121	0.124	0.040	0.107	0.122	0.104	0.128	0.171	0.120	0.116	0.041
2:29:43	24.1	0.175	0.094	0.102	0.099	0.108	0.133	0.134	0.126	0.143	0.086	0.098	0.102	0.108	0.124	0.128	0.125	0.137	0.088	0.107	0.097	0.105	0.127	0.126	0.118	0.104	0.119	0.105	0.120	0.176	0.128	0.153	0.041	0.094	0.121	0.109	0.119	0.171	0.126	0.130	0.040	0.118	0.124	0.111	0.116	0.172	0.125	0.122	0.041
2:44:43	24.2	0.172	0.100	0.109	0.100	0.114	0.133	0.136	0.131	0.147	0.091	0.105	0.104	0.110	0.128	0.131	0.128	0.147	0.092	0.115	0.100	0.109	0.130	0.128	0.120	0.095	0.122	0.104	0.123	0.179	0.134	0.162	0.041	0.092	0.125	0.111	0.122	0.174	0.132	0.140	0.040	0.128	0.125	0.111	0.120	0.174	0.131	0.129	0.041
2:59:43	24.2	0.179	0.103	0.117	0.102	0.116	0.139	0.141	0.135	0.153	0.094	0.112	0.105	0.113	0.131	0.134	0.128	0.200	0.100	0.122	0.101	0.113	0.134	0.132	0.123	0.099	0.125	0.109	0.126	0.181	0.140	0.173	0.041	0.108	0.126	0.112	0.124	0.176	0.138	0.146	0.040	0.099	0.129	0.106	0.120	0.177	0.136	0.135	0.041
3:14:43	24.2	0.187	0.109	0.125	0.103	0.120	0.144	0.143	0.138	0.165	0.103	0.118	0.108	0.116	0.136	0.136	0.131	0.159	0.102	0.129	0.103	0.115	0.137	0.133	0.126	0.108	0.126	0.112	0.128	0.185	0.147	0.181	0.041	0.107	0.127	0.114	0.124	0.179	0.146	0.153	0.040	0.110	0.134	0.114	0.124	0.179	0.144	0.143	0.041
3:29:43	24.2	0.198	0.115	0.135	0.103	0.122	0.148	0.149	0.141	0.173	0.107	0.127	0.110	0.119	0.138	0.142	0.128	0.170	0.108	0.139	0.105	0.119	0.141	0.138	0.130	0.116	0.131	0.112	0.130	0.189	0.156	0.193	0.041	0.101	0.131	0.115	0.128	0.182	0.154	0.161	0.040	0.105	0.139	0.114	0.118	0.182	0.151	0.150	0.041
3:44:43	24.3	0.210	0.122	0.146	0.111	0.124	0.152	0.156	0.157	0.183	0.112	0.137	0.112	0.124	0.144	0.144	0.136	0.173	0.117	0.148	0.106	0.122	0.146	0.135	0.134	0.108	0.135	0.116	0.131	0.192	0.164	0.205	0.041	0.103	0.135	0.120	0.130	0.185	0.162	0.172	0.040	0.112	0.141	0.119	0.120	0.186	0.158	0.155	0.041
3:59:43	24.3	0.213	0.129	0.157	0.115	0.131	0.158	0.160	0.158	0.201	0.117	0.146	0.114	0.127	0.149	0.155	0.147	0.195	0.122	0.158	0.109	0.127	0.151	0.145	0.137	0.109	0.137	0.118	0.135	0.197	0.173	0.218	0.041	0.119	0.138	0.120	0.141	0.189	0.172	0.179	0.040	0.110	0.145	0.112	0.135	0.189	0.167	0.161	0.041
4:14:43	24.3	0.313	0.137	0.169	0.120	0.131	0.161	0.165	0.166	0.227	0.126	0.158	0.115	0.130	0.156	0.162	0.155	0.198	0.128	0.170	0.115	0.130	0.157	0.147	0.144	0.106	0.138	0.123	0.139	0.201	0.184	0.235	0.041	0.111	0.141	0.127	0.143	0.194	0.182	0.196	0.040	0.112	0.160	0.113	0.135	0.193	0.176	0.168	0.041
4:29:43	24.3	0.255	0.145	0.184	0.123	0.136	0.168	0.171	0.175	0.212	0.135	0.169	0.117	0.130	0.163	0.163	0.157	0.235	0.139	0.184	0.117	0.134	0.164	0.155	0.151	0.109	0.147	0.121	0.145	0.206	0.195	0.245	0.041	0.116	0.147	0.130	0.152	0.198	0.194	0.197	0.040	0.116	0.156	0.119	0.141	0.196	0.187	0.174	0.040
4:44:43	24.3	0.261	0.162	0.196	0.134	0.144	0.175	0.169	0.188	0.428	0.143	0.182	0.121	0.137	0.166	0.170	0.163	0.397	0.146	0.197	0.118	0.139	0.171	0.162	0.158	0.123	0.153	0.128	0.148	0.212	0.209	0.260	0.041	0.122	0.154	0.141	0.152	0.205	0.208	0.211	0.040	0.115	0.164	0.115	0.149	0.202	0.198	0.186	0.041
4:59:43	24.3	0.295	0.171	0.212	0.136	0.147	0.184	0.188	0.196	0.527	0.153	0.198	0.125	0.142	0.173	0.177	0.169	0.278	0.156	0.212	0.124	0.140	0.179	0.163	0.165	0.121	0.158	0.132	0.155	0.218	0.221	0.276	0.041	0.115	0.159	0.148	0.158	0.212	0.219	0.225	0.040	0.121	0.170	0.125	0.150	0.207	0.209	0.193	0.040
5:14:43	24.3	0.348	0.175	0.230	0.148	0.157	0.191	0.196	0.207	0.285	0.164	0.212	0.129	0.149	0.180	0.185	0.178	0.287	0.168	0.230	0.133	0.145	0.186	0.169	0.171	0.119	0.164	0.136	0.161	0.225	0.234	0.294	0.041	0.120	0.167	0.149	0.161	0.219	0.232	0.241	0.040	0.136	0.176	0.126	0.156	0.214	0.224	0.205	0.041
5:29:43	24.3	0.326	0.185	0.260	0.149	0.163	0.199	0.201	0.213	0.291	0.177	0.230	0.138	0.159	0.188	0.192	0.184	0.274	0.196	0.265	0.141	0.152	0.193	0.180	0.177	0.127	0.170	0.143	0.162	0.232	0.250	0.313	0.041	0.121	0.173	0.154	0.169	0.226	0.252	0.256	0.040	0.132	0.190	0.132	0.166	0.220	0.242	0.225	0.040
5:44:43	24.3	0.333	0.202	0.288	0.156	0.175	0.209	0.215	0.224	0.431	0.196	0.253	0.147	0.165	0.197	0.202	0.192	0.585	0.196	0.277	0.141	0.158	0.199	0.188	0.181	0.132	0.175	0.147	0.171	0.238	0.264	0.337	0.041	0.137	0.178	0.153	0.175	0.234	0.260	0.273	0.040	0.135	0.192	0.136	0.172	0.227	0.246	0.239	0.041
5:59:43	24.3	0.367	0.220	0.307	0.163	0.180	0.220	0.224	0.240	0.310	0.214	0.273	0.157	0.169	0.207	0.210	0.201	0.572	0.220	0.300	0.151	0.170	0.208	0.197	0.192	0.134	0.183	0.144	0.184	0.244	0.280	0.358	0.041	0.130	0.191	0.164	0.182	0.242	0.286	0.296	0.040	0.140	0.198	0.140	0.180	0.234	0.267	0.251	0.041
6:14:43	24.3	0.516	0.239	0.336	0.169	0.184	0.229	0.235	0.254	0.394	0.241	0.301	0.164	0.179	0.216	0.223	0.210	0.324	0.233	0.333	0.154	0.176	0.226	0.225	0.203	0.143	0.192	0.154	0.184	0.251	0.296	0.387	0.041	0.138	0.190	0.168	0.192	0.251	0.291	0.312	0.040	0.152	0.209	0.143	0.185	0.241	0.274	0.266	0.040
6:29:43	24.3	0.385	0.264	0.364	0.176	0.195	0.235	0.238	0.261	0.400	0.254	0.323	0.176	0.188	0.228	0.235	0.221	0.342	0.256	0.361	0.164	0.186	0.225	0.229	0.209	0.148	0.207	0.162	0.189	0.260	0.315	0.415	0.041	0.146	0.200	0.173	0.197	0.259	0.311	0.331	0.040	0.156	0.220	0.155	0.190	0.250	0.296	0.282	0.040
6:44:43	24.2	0.665	0.287	0.393	0.185	0.206	0.244	0.251	0.268	0.468	0.279	0.366	0.185	0.198	0.236	0.239	0.229	0.395	0.290	0.391	0.164	0.195	0.232	0.235	0.249	0.153	0.208	0.169	0.198	0.269	0.338	0.447	0.041	0.155	0.212	0.182	0.208	0.269	0.325	0.351	0.040	0.167	0.233	0.156	0.201	0.259	0.305	0.304	0.040
6:59:43	24.2	0.433	0.329	0.418	0.187	0.213	0.249	0.256	0.280	0.600	0.295	0.386	0.192	0.210	0.242	0.247	0.240	0.520	0.296	0.434	0.180	0.201	0.238	0.247	0.259	0.158	0.218	0.180	0.204	0.279	0.359	0.479	0.041	0.161	0.221	0.186	0.221	0.279	0.347	0.378	0.040	0.171	0.244	0.160	0.213	0.268	0.321	0.323	0.041
7:14:43	24.2	0.605	0.358	0.447	0.193	0.222	0.259	0.266	0.290	0.718	0.321	0.417	0.199	0.219	0.250	0.256	0.246	0.711	0.322	0.447	0.185	0.211	0.241	0.241	0.254	0.169	0.222	0.185	0.212	0.288	0.383	0.513	0.041	0.162	0.227	0.197	0.224	0.287	0.376	0.406	0.040	0.181	0.248	0.169	0.222	0.277	0.342	0.344	0.041
7:29:43	24.1	0.583	0.391	0.465	0.200	0.227	0.256	0.277	0.305	0.782	0.353	0.444	0.207	0.226	0.258	0.267	0.251	0.523	0.361	0.481	0.197	0.220	0.244	0.259	0.252	0.179	0.228	0.192	0.218	0.297	0.402	0.543	0.041	0.176	0.227	0.211	0.228	0.296	0.392	0.436	0.040	0.194	0.256	0.180	0.226	0.285	0.362	0.372	0.041
7:44:43	24.1	0.562	0.394	0.498	0.205	0.229	0.277	0.289	0.320	0.509	0.365	0.474	0.216	0.230	0.269	0.276	0.261	0.631	0.347	0.527	0.204	0.222	0.256	0.262	0.265	0.186	0.232	0.202	0.222	0.306	0.429	0.575	0.041	0.183	0.232	0.217	0.233	0.305	0.415	0.470	0.040	0.204	0.269	0.190	0.234	0.295	0.381	0.401	0.041
7:59:43	24.1	0.526	0.436	0.524	0.207	0.236	0.289	0.304	0.337	0.500	0.414	0.616	0.221	0.237	0.273	0.286	0.272	0.653	0.386	0.550	0.211	0.226	0.266	0.267	0.276	0.201	0.243	0.207	0.228	0.316	0.452	0.603	0.041	0.194	0.243	0.222	0.237	0.314	0.444	0.505	0.040	0.213	0.281	0.196	0.240	0.304	0.401	0.431	0.041
8:14:43	24.0	0.482	0.475	0.529	0.209	0.242	0.298	0.313	0.348	0.468	0.424	0.634	0.221	0.244	0.287	0.296	0.281	0.439	0.467	0.564	0.212	0.231	0.277	0.279	0.284	0.210	0.252	0.210	0.237	0.324	0.476	0.626	0.041	0.200	0.256	0.226	0.246	0.323	0.467	0.541	0.040	0.229	0.296	0.205	0.251	0.313	0.426	0.457	0.041
8:29:43	24.0	0.552	0.453	0.554	0.217	0.252	0.311	0.324	0.361	0.456	0.447	0.527	0.227	0.250	0.298	0.310	0.295	0.607	0.453	0.561	0.219	0.236	0.288	0.289	0.282	0.212	0.263	0.216	0.245	0.334	0.496	0.646	0.040	0.210	0.268	0.232	0.254	0.333	0.493	0.559	0.040	0.235	0.312	0.213	0.266	0.322	0.452	0.488	0.041
8:44:43	24.0	0.530	0.515	0.610	0.222	0.262	0.323	0.339	0.378	0.511	0.488	0.549	0.236	0.259	0.307	0.323	0.308	0.466	0.501	0.574	0.224	0.247	0.301	0.300	0.294	0.219	0.271	0.222	0.253	0.342	0.522	0.662	0.041	0.213	0.281	0.240	0.264	0.342	0.518	0.598	0.040	0.243	0.326	0.219	0.275	0.332	0.473	0.521	0.040
8:59:43	24.0	0.539	0.533	0.604	0.231	0.273	0.335	0.351	0.394	0.499	0.478	0.603	0.245	0.268	0.320	0.333	0.320	0.637	0.531	0.593	0.231	0.257	0.312	0.310	0.305	0.228	0.284	0.232	0.264	0.353	0.539	0.675	0.040	0.221	0.293	0.249	0.274	0.351	0.534	0.632	0.040	0.255	0.341	0.220	0.287	0.342	0.490	0.543	0.041
9:14:43	24.0	0.565	0.546	0.628	0.241	0.284	0.348	0.366	0.411	0.512	0.524	0.612	0.251	0.277	0.330	0.345	0.331	0.495	0.589	0.613	0.243	0.267	0.326	0.326	0.320	0.233	0.293	0.242	0.275	0.364	0.561	0.688	0.041	0.231	0.305	0.261	0.286	0.360	0.553	0.655	0.040	0.266	0.356	0.226	0.298	0.350	0.511	0.579	0.041
9:29:43	24.0	0.560	0.585	0.626	0.249	0.296	0.360	0.379	0.422	0.521	0.530	0.642	0.258	0.289	0.343	0.355	0.344	0.509	0.580	0.614	0.254	0.277	0.337	0.340	0.337	0.250	0.304	0.253	0.286	0.373	0.578	0.705	0.040	0.242	0.318	0.269	0.294	0.369	0.573	0.656	0.040	0.281	0.374	0.234	0.312	0.358	0.526	0.611	0.041
9:44:43	24.0	0.587	0.582	0.625	0.260	0.308	0.371	0.390	0.435	0.530	0.591	0.645	0.269	0.301	0.352	0.369	0.358	0.737	0.551	0.648	0.264	0.288	0.348	0.352	0.348	0.260	0.312	0.264	0.296	0.383	0.594	0.729	0.040	0.255	0.331	0.281	0.305	0.378	0.593	0.666	0.040	0.299	0.389	0.243	0.325	0.368	0.551	0.628	0.041
9:59:43	24.0	0.608	0.649	0.659	0.272	0.320	0.383	0.403	0.442	0.554	0.589	0.681	0.279	0.313	0.363	0.382	0.368	0.729	0.610	0.674	0.273	0.299	0.355	0.364	0.363	0.276	0.330	0.276	0.307	0.393	0.605	0.729	0.040	0.269	0.343	0.292	0.320	0.387	0.601	0.674	0.040	0.314	0.405	0.253	0.340	0.377	0.560	0.642	0.041
10:14:43	24.0	0.634	0.623	0.660	0.284	0.333	0.392	0.411	0.450	0.581	0.555	0.672	0.290	0.324	0.373	0.391	0.378	0.617	0.530	0.689	0.284	0.310	0.362	0.374	0.380	0.289	0.342	0.287	0.316	0.402	0.620	0.740	0.040	0.279	0.352	0.306	0.332	0.396	0.617	0.678	0.040	0.330	0.421	0.263	0.355	0.385	0.570	0.649	0.041
10:29:43	24.0	0.661	0.639	0.692	0.297	0.344	0.397	0.417	0.456	0.622	0.604	0.681	0.300	0.335	0.380	0.400	0.387	0.567	0.639	0.707	0.295	0.317	0.368	0.383	0.387	0.304	0.355	0.300	0.326	0.412	0.630	0.752	0.040	0.294	0.363	0.319	0.345	0.405	0.630	0.688	0.040	0.345	0.430	0.273	0.367	0.394	0.585	0.662	0.041
10:44:43	24.0	0.681	0.650	0.700	0.308	0.353	0.403	0.422	0.462	0.593	0.598	0.679	0.311	0.345	0.387	0.404	0.394	0.592	0.617	0.728	0.305	0.325	0.375	0.391	0.398	0.316	0.367	0.312	0.333	0.421	0.646	0.758	0.040	0.308	0.373	0.331	0.354	0.413	0.640	0.695	0.040	0.359	0.446	0.289	0.381	0.403	0.600	0.670	0.041
10:59:43	24.0	0.686	0.610	0.706	0.320	0.363	0.408	0.427	0.470	0.612	0.680	0.687	0.324	0.353	0.392	0.408	0.402	0.609	0.676	0.718	0.316	0.332	0.378	0.397	0.405	0.326	0.374	0.323	0.338	0.430	0.653	0.769	0.040	0.328	0.381	0.343	0.362	0.423	0.658	0.702	0.040	0.381	0.450	0.295	0.393	0.411	0.609	0.680	0.041
11:14:43	23.9	0.689	0.630	0.723	0.333	0.371	0.415	0.434	0.476	0.625	0.678	0.727	0.333	0.358	0.398	0.415	0.408	0.629	0.649	0.734	0.324	0.340	0.382	0.401	0.412	0.337	0.384	0.336	0.343	0.439	0.671	0.779	0.040	0.343	0.384	0.355	0.371	0.431	0.680	0.706	0.040	0.398	0.459	0.311	0.402	0.419	0.623	0.680	0.041
11:29:43	23.9	0.693	0.658	0.723	0.345	0.378	0.420	0.440	0.481	0.631	0.666	0.709	0.343	0.364	0.402	0.418	0.413	0.645	0.636	0.749	0.334	0.346	0.385	0.404	0.418	0.354	0.392	0.344	0.349	0.449	0.688	0.803	0.040	0.360	0.388	0.366	0.378	0.439	0.681	0.707	0.040	0.410	0.469	0.323	0.411	0.428	0.635	0.688	0.041
11:44:43	23.9	0.695	0.659	0.715	0.354	0.382	0.424	0.446	0.484	0.637	0.682	0.729	0.350	0.369	0.406	0.422	0.419	0.653	0.669	0.756	0.342	0.351	0.388	0.407	0.426	0.364	0.396	0.354	0.352	0.457	0.700	0.812	0.040	0.371	0.398	0.373	0.385	0.447	0.693	0.712	0.040	0.426	0.479	0.335	0.420	0.436	0.651	0.692	0.041
11:59:43	23.9	0.695	0.674	0.741	0.360	0.388	0.430	0.450	0.491	0.646	0.664	0.733	0.356	0.374	0.408	0.427	0.423	0.660	0.680	0.760	0.350	0.358	0.391	0.409	0.430	0.376	0.403	0.361	0.357	0.467	0.714	0.808	0.040	0.389	0.400	0.382	0.392	0.456	0.712	0.712	0.040	0.436	0.484	0.349	0.426	0.444	0.659	0.696	0.041
12:14:43	23.9	0.697	0.710	0.717	0.366	0.392	0.434	0.455	0.498	0.646	0.711	0.743	0.362	0.379	0.411	0.431	0.427	0.662	0.688	0.775	0.357	0.364	0.395	0.412	0.437	0.386	0.408	0.368	0.360	0.475	0.734	0.803	0.040	0.400	0.408	0.392	0.398	0.464	0.722	0.717	0.040	0.448	0.490	0.362	0.435	0.452	0.673	0.694	0.041
12:29:43	23.8	0.694	0.719	0.719	0.375	0.399	0.438	0.459	0.501	0.652	0.684	0.753	0.366	0.384	0.414	0.434	0.433	0.664	0.712	0.786	0.364	0.369	0.398	0.415	0.440	0.394	0.415	0.375	0.365	0.484	0.750	0.798	0.040	0.407	0.414	0.399	0.406	0.471	0.741	0.726	0.040	0.458	0.496	0.371	0.441	0.460	0.694	0.695	0.041
12:44:43	23.8	0.695	0.740	0.717	0.379	0.403	0.444	0.465	0.507	0.653	0.718	0.740	0.371	0.385	0.418	0.438	0.435	0.668	0.699	0.771	0.370	0.374	0.401	0.420	0.447	0.404	0.417	0.382	0.369	0.492	0.765	0.802	0.040	0.412	0.417	0.408	0.411	0.480	0.757	0.743	0.040	0.459	0.502	0.385	0.448	0.467	0.705	0.698	0.041
12:59:43	23.8	0.692	0.788	0.730	0.386	0.408	0.448	0.469	0.511	0.653	0.739	0.729	0.376	0.390	0.422	0.442	0.441	0.669	0.747	0.770	0.377	0.381	0.403	0.421	0.452	0.405	0.423	0.388	0.375	0.502	0.791	0.804	0.040	0.426	0.427	0.415	0.421	0.487	0.776	0.745	0.040	0.469	0.506	0.392	0.458	0.476	0.718	0.702	0.041
13:14:43	23.8	0.688	0.731	0.717	0.390	0.414	0.452	0.474	0.516	0.652	0.758	0.729	0.380	0.395	0.424	0.446	0.444	0.673	0.732	0.768	0.385	0.385	0.407	0.424	0.457	0.415	0.427	0.394	0.378	0.510	0.809	0.799	0.040	0.432	0.432	0.422	0.427	0.494	0.799	0.751	0.040	0.476	0.512	0.399	0.465	0.483	0.739	0.708	0.041
13:29:43	23.8	0.685	0.727	0.713	0.395	0.420	0.457	0.479	0.521	0.652	0.733	0.737	0.384	0.399	0.426	0.449	0.450	0.671	0.724	0.774	0.389	0.390	0.410	0.427	0.463	0.421	0.432	0.399	0.383	0.517	0.821	0.806	0.040	0.443	0.438	0.430	0.435	0.502	0.814	0.755	0.040	0.482	0.520	0.409	0.467	0.490	0.760	0.718	0.041
13:44:43	23.8	0.684	0.702	0.707	0.402	0.425	0.461	0.482	0.527	0.649	0.725	0.720	0.390	0.403	0.429	0.453	0.456	0.669	0.735	0.795	0.395	0.395	0.414	0.431	0.469	0.431	0.436	0.406	0.386	0.526	0.836	0.799	0.040	0.453	0.443	0.436	0.442	0.508	0.826	0.760	0.040	0.491	0.524	0.415	0.479	0.498	0.772	0.724	0.041
13:59:43	23.8	0.678	0.705	0.706	0.407	0.429	0.463	0.486	0.530	0.649	0.699	0.717	0.396	0.409	0.431	0.457	0.463	0.667	0.750	0.755	0.398	0.399	0.418	0.434	0.473	0.437	0.442	0.410	0.390	0.534	0.843	1.081	0.040	0.459	0.448	0.444	0.447	0.516	0.838	0.760	0.040	0.499	0.529	0.422	0.491	0.505	0.785	0.727	0.041
14:14:43	23.8	0.677	0.737	0.709	0.412	0.437	0.468	0.491	0.535	0.648	0.735	0.714	0.401	0.412	0.436	0.459	0.468	0.664	0.748	0.752	0.404	0.403	0.420	0.436	0.481	0.445	0.446	0.416	0.395	0.542	0.847	0.890	0.040	0.465	0.453	0.450	0.450	0.522	0.843	0.755	0.040	0.505	0.535	0.430	0.493	0.512	0.799	0.730	0.041
14:29:43	23.8	0.677	0.734	0.705	0.416	0.441	0.473	0.494	0.539	0.643	0.740	0.710	0.406	0.415	0.435	0.463	0.474	0.662	0.787	0.777	0.408	0.408	0.423	0.438	0.483	0.449	0.450	0.421	0.401	0.551	0.849	0.837	0.040	0.468	0.459	0.458	0.458	0.529	0.845	0.760	0.041	0.513	0.538	0.435	0.497	0.518	0.808	0.729	0.041
14:44:43	23.8	0.672	0.730	0.702	0.421	0.445	0.476	0.498	0.546	0.646	0.753	0.716	0.408	0.419	0.438	0.464	0.482	0.659	0.815	0.760	0.410	0.412	0.426	0.443	0.486	0.458	0.453	0.424	0.406	0.558	0.850	0.799	0.040	0.478	0.463	0.460	0.461	0.534	0.845	0.756	0.041	0.515	0.541	0.443	0.501	0.526	0.811	0.729	0.041
14:59:43	23.8	0.668	0.714	0.701	0.427	0.451	0.481	0.503	0.549	0.640	0.721	0.711	0.414	0.424	0.445	0.469	0.490	0.658	0.745	0.733	0.415	0.417	0.430	0.447	0.490	0.464	0.457	0.429	0.411	0.566	0.850	0.784	0.040	0.483	0.468	0.468	0.466	0.542	0.846	0.763	0.041	0.519	0.552	0.449	0.506	0.533	0.814	0.730	0.041
15:14:43	23.8	0.669	0.725	0.703	0.433	0.454	0.485	0.508	0.555	0.636	0.732	0.704	0.417	0.429	0.447	0.474	0.499	0.654	0.741	0.726	0.419	0.420	0.430	0.449	0.495	0.470	0.463	0.434	0.415	0.574	0.849	0.797	0.040	0.490	0.472	0.473	0.470	0.548	0.845	0.753	0.041	0.526	0.553	0.455	0.511	0.539	0.814	0.730	0.041
15:29:43	23.8	0.668	0.719	0.699	0.437	0.460	0.490	0.510	0.562	0.634	0.693	0.704	0.421	0.431	0.450	0.477	0.504	0.651	0.740	0.732	0.423	0.424	0.435	0.456	0.499	0.473	0.467	0.438	0.419	0.582	0.849	0.794	0.040	0.495	0.473	0.479	0.474	0.554	0.845	0.752	0.041	0.532	0.559	0.463	0.517	0.546	0.813	0.730	0.041
15:44:43	23.8	0.663	0.679	0.698	0.442	0.464	0.493	0.515	0.565	0.635	0.756	0.704	0.424	0.436	0.453	0.482	0.508	0.649	0.744	0.726	0.427	0.429	0.439	0.460	0.502	0.478	0.473	0.443	0.423	0.589	0.848	0.778	0.040	0.500	0.479	0.484	0.482	0.560	0.843	0.752	0.041	0.539	0.562	0.469	0.519	0.552	0.813	0.730	0.041
15:59:43	23.8	0.662	0.681	0.700	0.448	0.468	0.498	0.519	0.574	0.633	0.743	0.700	0.427	0.442	0.456	0.485	0.513	0.646	0.767	0.723	0.430	0.432	0.443	0.469	0.507	0.485	0.477	0.448	0.428	0.597	0.846	0.777	0.040	0.504	0.485	0.487	0.484	0.565	0.842	0.748	0.041	0.543	0.566	0.474	0.527	0.558	0.812	0.728	0.041
16:14:43	23.8	0.658	0.676	0.698	0.453	0.472	0.501	0.524	0.577	0.630	0.733	0.700	0.432	0.449	0.459	0.489	0.517	0.644	0.762	0.718	0.435	0.436	0.446	0.476	0.508	0.490	0.480	0.452	0.433	0.604	0.845	0.767	0.040	0.509	0.490	0.493	0.489	0.571	0.840	0.746	0.041	0.548	0.571	0.482	0.530	0.565	0.811	0.727	0.041

Results
	1	2	3	4	5	6	7	8
A	18.680	4.460	3.713	0.873	0.847	1.380	1.233	1.133	Max V [600]
	1.000	1.000	1.000	1.000	1.000	1.000	1.000	1.000	R-Squared [600]
	6:37:13	9:52:13	8:37:13	10:22:13	9:52:13	7:37:13	4:52:13	8:37:13	t at Max V [600]
	6:15:01	7:49:01	6:19:06	6:35:54	5:37:59	5:44:21	4:00:17	4:41:06	Lagtime [600]
B	-18.233	5.467	9.467	0.840	0.840	0.980	0.913	0.927	Max V [600]
	1.000	1.000	1.000	1.000	1.000	1.000	1.000	1.000	R-Squared [600]
	7:37:13	10:52:13	7:52:13	6:22:13	9:22:13	8:07:13	9:52:13	9:37:13	t at Max V [600]
	8:07:32	9:06:54	7:01:55	4:49:50	5:40:33	5:11:03	5:04:45	5:14:04	Lagtime [600]
C	20.720	7.293	3.033	1.100	0.827	1.160	1.880	2.687	Max V [600]
	1.000	1.000	1.000	1.000	1.000	1.000	1.000	1.000	R-Squared [600]
	5:37:13	10:22:13	7:37:13	6:52:13	5:52:13	6:07:13	6:07:13	6:37:13	t at Max V [600]
	5:20:58	9:11:02	5:16:28	5:38:10	4:29:58	4:34:38	5:14:43	5:49:42	Lagtime [600]
D	1.147	1.233	0.853	0.867	0.727	1.827	18.800	-0.027	Max V [600]
	1.000	1.000	1.000	1.000	1.000	1.000	1.000	1.000	R-Squared [600]
	9:22:13	9:52:13	10:22:13	5:52:13	9:07:13	7:37:13	13:52:13	8:22:13	t at Max V [600]
	7:16:01	6:55:35	6:35:56	4:31:34	4:24:04	4:42:41	13:07:31	7:52:13	Lagtime [600]
E	1.293	0.887	0.940	1.007	0.667	1.940	2.607	-0.020	Max V [600]
	1.000	1.000	1.000	1.000	1.000	1.000	1.000	1.000	R-Squared [600]
	10:52:13	8:07:13	7:22:13	9:52:13	6:52:13	7:07:13	8:37:13	8:37:13	t at Max V [600]
	7:56:14	5:24:18	5:34:56	6:28:14	3:46:13	4:50:20	5:30:34	8:19:43	Lagtime [600]
F	-1.953	1.140	1.120	1.013	0.673	1.720	2.400	-0.027	Max V [600]
	1.000	1.000	1.000	1.000	1.000	1.000	1.000	1.000	R-Squared [600]
	2:52:13	9:22:13	10:37:13	2:07:13	7:37:13	9:37:13	9:07:13	1:37:13	t at Max V [600]
	3:03:58	5:34:22	7:53:07	1:48:28	4:11:45	5:19:40	5:50:41	1:40:58	Lagtime [600]

