

Software Version	2.01.14



Experiment File Path:	C:\Users\Public\Documents\Experiments\Rachel\RNF_GrowthCurve_150629_plate5.xpt
Protocol File Path:	C:\Users\Public\Documents\Protocols\RNF_GrowthCurve.prt



Plate Number	Plate 1
Date	6/29/2015
Time	3:18:13 PM
Reader Type:	Synergy Mx
Reader Serial Number:	219512
Reading Type	Reader

Procedure Details

Plate Type	CellStar 48
Set Temperature	Incubator off
Start Kinetic	Runtime 8:00:00 (HH:MM:SS), Interval 0:15:00, 33 Reads
    Shake	Slow, Continuous
    Read	Absorbance Endpoint
	Full Plate
	Wavelengths:  600
	Read Speed: Normal,  Delay: 100 msec,  Measurements/Data Point: 8
End Kinetic	

600

Time	T° 600	A1	A2	A3	A4	A5	A6	A7	A8	B1	B2	B3	B4	B5	B6	B7	B8	C1	C2	C3	C4	C5	C6	C7	C8	D1	D2	D3	D4	D5	D6	D7	D8	E1	E2	E3	E4	E5	E6	E7	E8	F1	F2	F3	F4	F5	F6	F7	F8
0:14:43	20.9	0.067	0.056	0.060	0.075	0.199	0.061	0.068	0.067	0.069	0.069	0.067	0.072	0.056	0.059	0.056	0.052	0.070	0.375	0.070	0.265	0.052	0.059	0.070	0.062	0.053	0.067	0.069	0.059	0.101	0.125	0.081	0.041	0.060	0.061	0.071	0.059	0.102	0.123	0.080	0.040	0.072	0.064	0.062	0.065	0.099	0.282	0.081	0.040
0:29:43	21.3	0.064	0.056	0.063	0.079	0.212	0.062	0.070	0.068	0.070	0.071	0.069	0.075	0.057	0.060	0.057	0.053	0.071	0.384	0.071	0.271	0.053	0.058	0.071	0.062	0.053	0.068	0.070	0.059	0.103	0.130	0.083	0.041	0.061	0.061	0.072	0.059	0.105	0.127	0.080	0.040	0.072	0.065	0.063	0.067	0.101	0.299	0.083	0.040
0:44:43	21.6	0.068	0.057	0.065	0.080	0.218	0.063	0.071	0.070	0.072	0.072	0.070	0.077	0.057	0.062	0.058	0.053	0.072	0.393	0.072	0.280	0.053	0.059	0.072	0.063	0.054	0.069	0.071	0.060	0.107	0.135	0.083	0.041	0.061	0.062	0.072	0.060	0.109	0.130	0.083	0.039	0.073	0.066	0.064	0.068	0.106	0.313	0.083	0.040
0:59:43	21.9	0.069	0.057	0.066	0.081	0.224	0.064	0.072	0.071	0.074	0.073	0.072	0.079	0.058	0.063	0.058	0.054	0.074	0.404	0.073	0.287	0.053	0.059	0.073	0.064	0.055	0.070	0.072	0.061	0.112	0.139	0.087	0.041	0.062	0.063	0.074	0.061	0.113	0.136	0.085	0.039	0.074	0.066	0.066	0.069	0.111	0.331	0.086	0.040
1:14:43	22.1	0.068	0.058	0.067	0.083	0.228	0.065	0.074	0.072	0.075	0.075	0.073	0.081	0.058	0.064	0.059	0.054	0.076	0.415	0.074	0.294	0.054	0.060	0.074	0.065	0.055	0.071	0.074	0.062	0.118	0.146	0.088	0.041	0.063	0.064	0.075	0.062	0.117	0.142	0.086	0.039	0.075	0.068	0.067	0.070	0.116	0.348	0.088	0.040
1:29:43	22.4	0.069	0.059	0.068	0.085	0.236	0.066	0.076	0.074	0.076	0.076	0.074	0.083	0.059	0.065	0.060	0.055	0.078	0.423	0.075	0.302	0.055	0.061	0.076	0.066	0.056	0.073	0.075	0.063	0.124	0.154	0.089	0.041	0.065	0.065	0.076	0.063	0.122	0.150	0.088	0.039	0.077	0.069	0.068	0.071	0.121	0.370	0.089	0.040
1:44:43	22.5	0.075	0.059	0.069	0.086	0.242	0.068	0.077	0.076	0.079	0.078	0.075	0.086	0.060	0.066	0.061	0.056	0.081	0.431	0.076	0.308	0.056	0.062	0.077	0.067	0.057	0.074	0.077	0.065	0.130	0.163	0.092	0.041	0.065	0.066	0.078	0.064	0.128	0.159	0.090	0.039	0.079	0.070	0.070	0.072	0.127	0.394	0.091	0.040
1:59:43	22.7	0.073	0.060	0.071	0.087	0.253	0.069	0.079	0.078	0.082	0.080	0.077	0.088	0.061	0.068	0.062	0.056	0.083	0.440	0.078	0.315	0.056	0.063	0.078	0.069	0.059	0.076	0.078	0.066	0.136	0.173	0.093	0.041	0.067	0.068	0.080	0.066	0.133	0.169	0.092	0.039	0.080	0.071	0.070	0.074	0.134	0.420	0.092	0.040
2:14:43	22.8	0.077	0.061	0.072	0.090	0.257	0.069	0.080	0.080	0.085	0.081	0.079	0.090	0.062	0.070	0.063	0.057	0.086	0.450	0.080	0.326	0.057	0.065	0.080	0.069	0.059	0.077	0.079	0.067	0.142	0.184	0.095	0.041	0.068	0.069	0.081	0.066	0.138	0.179	0.093	0.039	0.082	0.072	0.071	0.076	0.140	0.450	0.094	0.040
2:29:43	22.9	0.078	0.062	0.073	0.091	0.266	0.071	0.082	0.081	0.089	0.083	0.082	0.094	0.063	0.071	0.065	0.058	0.089	0.452	0.082	0.338	0.058	0.065	0.081	0.071	0.060	0.080	0.081	0.068	0.150	0.195	0.098	0.040	0.069	0.071	0.083	0.067	0.146	0.191	0.096	0.039	0.084	0.074	0.073	0.077	0.147	0.482	0.097	0.040
2:44:43	23.0	0.081	0.062	0.074	0.093	0.276	0.072	0.083	0.084	0.094	0.085	0.083	0.097	0.064	0.073	0.066	0.059	0.092	0.460	0.082	0.344	0.059	0.066	0.083	0.073	0.061	0.082	0.082	0.070	0.157	0.209	0.101	0.040	0.070	0.073	0.084	0.069	0.153	0.204	0.099	0.039	0.086	0.075	0.074	0.080	0.154	0.514	0.100	0.040
2:59:43	23.1	0.085	0.064	0.076	0.095	0.286	0.073	0.085	0.086	0.097	0.086	0.088	0.100	0.065	0.076	0.067	0.060	0.097	0.468	0.085	0.354	0.060	0.067	0.085	0.074	0.063	0.085	0.084	0.071	0.166	0.223	0.105	0.040	0.073	0.075	0.086	0.070	0.161	0.218	0.103	0.039	0.088	0.078	0.076	0.081	0.163	0.546	0.104	0.040
3:14:43	23.1	0.090	0.064	0.078	0.098	0.295	0.074	0.087	0.092	0.103	0.089	0.090	0.104	0.066	0.078	0.069	0.061	0.101	0.477	0.085	0.364	0.062	0.068	0.087	0.076	0.063	0.088	0.086	0.072	0.176	0.238	0.110	0.040	0.075	0.077	0.088	0.072	0.170	0.234	0.107	0.039	0.090	0.080	0.081	0.082	0.171	0.580	0.108	0.040
3:29:43	23.1	0.094	0.066	0.079	0.099	0.300	0.076	0.090	0.095	0.108	0.091	0.093	0.107	0.067	0.081	0.070	0.062	0.106	0.486	0.086	0.376	0.063	0.070	0.088	0.079	0.064	0.089	0.089	0.074	0.187	0.255	0.114	0.040	0.076	0.079	0.091	0.075	0.177	0.249	0.112	0.039	0.093	0.082	0.081	0.084	0.181	0.615	0.112	0.040
3:44:43	23.2	0.099	0.067	0.081	0.102	0.310	0.077	0.092	0.094	0.111	0.094	0.095	0.111	0.069	0.083	0.071	0.063	0.110	0.487	0.089	0.392	0.064	0.070	0.091	0.081	0.066	0.091	0.091	0.076	0.198	0.272	0.119	0.040	0.079	0.082	0.093	0.075	0.192	0.267	0.116	0.039	0.094	0.084	0.083	0.085	0.192	0.650	0.117	0.040
3:59:43	23.2	0.101	0.068	0.084	0.105	0.324	0.079	0.095	0.098	0.119	0.097	0.099	0.115	0.070	0.087	0.074	0.065	0.117	0.495	0.090	0.405	0.065	0.071	0.094	0.084	0.067	0.095	0.095	0.078	0.214	0.292	0.123	0.040	0.081	0.084	0.096	0.078	0.203	0.286	0.121	0.039	0.097	0.085	0.086	0.089	0.203	0.686	0.122	0.040
4:14:43	23.3	0.106	0.069	0.087	0.110	0.338	0.085	0.098	0.099	0.124	0.105	0.103	0.117	0.071	0.090	0.075	0.066	0.124	0.502	0.098	0.419	0.066	0.072	0.096	0.086	0.069	0.099	0.100	0.082	0.227	0.313	0.129	0.040	0.084	0.085	0.097	0.081	0.218	0.306	0.127	0.039	0.100	0.088	0.088	0.090	0.216	0.721	0.127	0.040
4:29:43	23.3	0.113	0.071	0.089	0.118	0.353	0.085	0.100	0.104	0.137	0.097	0.106	0.123	0.073	0.093	0.077	0.067	0.131	0.503	0.101	0.436	0.067	0.084	0.100	0.089	0.072	0.101	0.102	0.082	0.243	0.337	0.134	0.040	0.086	0.092	0.104	0.082	0.233	0.330	0.132	0.039	0.105	0.093	0.090	0.095	0.229	0.755	0.133	0.040
4:44:43	23.4	0.120	0.073	0.096	0.126	0.366	0.095	0.101	0.108	0.143	0.113	0.111	0.126	0.075	0.098	0.079	0.069	0.136	0.515	0.108	0.450	0.068	0.087	0.108	0.092	0.073	0.106	0.107	0.086	0.260	0.362	0.141	0.040	0.089	0.096	0.110	0.085	0.249	0.356	0.139	0.039	0.113	0.097	0.093	0.101	0.241	0.789	0.139	0.040
4:59:43	23.4	0.127	0.074	0.106	0.128	0.378	0.100	0.115	0.114	0.152	0.115	0.118	0.134	0.077	0.101	0.081	0.070	0.147	0.526	0.112	0.461	0.071	0.092	0.110	0.093	0.073	0.112	0.114	0.086	0.279	0.390	0.148	0.040	0.093	0.102	0.116	0.090	0.270	0.384	0.146	0.039	0.135	0.100	0.097	0.110	0.259	0.823	0.146	0.040
5:14:43	23.4	0.137	0.076	0.110	0.138	0.391	0.105	0.122	0.119	0.162	0.120	0.122	0.138	0.081	0.104	0.084	0.072	0.154	0.530	0.122	0.469	0.078	0.092	0.119	0.101	0.078	0.114	0.120	0.094	0.300	0.419	0.157	0.040	0.096	0.106	0.124	0.093	0.287	0.413	0.154	0.039	0.124	0.106	0.102	0.115	0.276	0.855	0.154	0.040
5:29:43	23.5	0.148	0.080	0.110	0.145	0.401	0.106	0.125	0.125	0.172	0.123	0.126	0.142	0.089	0.112	0.088	0.074	0.164	0.544	0.126	0.477	0.077	0.095	0.122	0.106	0.079	0.123	0.126	0.099	0.321	0.450	0.166	0.040	0.098	0.110	0.128	0.101	0.305	0.446	0.163	0.039	0.125	0.106	0.106	0.119	0.295	0.881	0.163	0.040
5:44:43	23.5	0.154	0.084	0.116	0.153	0.410	0.112	0.130	0.130	0.189	0.127	0.131	0.156	0.092	0.119	0.094	0.076	0.185	0.550	0.133	0.483	0.086	0.102	0.129	0.112	0.084	0.127	0.132	0.103	0.342	0.482	0.176	0.040	0.103	0.114	0.129	0.102	0.326	0.480	0.172	0.039	0.131	0.112	0.109	0.125	0.318	0.907	0.172	0.040
5:59:43	23.5	0.166	0.085	0.124	0.159	0.416	0.115	0.136	0.135	0.199	0.133	0.136	0.163	0.095	0.121	0.098	0.079	0.192	0.551	0.136	0.489	0.085	0.109	0.136	0.112	0.085	0.134	0.138	0.105	0.364	0.517	0.186	0.040	0.106	0.117	0.142	0.105	0.349	0.515	0.182	0.039	0.138	0.114	0.115	0.129	0.337	0.931	0.182	0.040
6:14:43	23.5	0.172	0.088	0.130	0.165	0.419	0.119	0.135	0.134	0.214	0.125	0.144	0.166	0.099	0.128	0.103	0.081	0.205	0.544	0.140	0.492	0.095	0.108	0.143	0.121	0.086	0.135	0.144	0.111	0.385	0.551	0.198	0.040	0.112	0.121	0.147	0.111	0.372	0.550	0.192	0.039	0.139	0.118	0.117	0.128	0.356	0.955	0.192	0.040
6:29:43	23.5	0.193	0.089	0.133	0.166	0.426	0.126	0.148	0.143	0.227	0.143	0.154	0.172	0.102	0.115	0.104	0.085	0.223	0.551	0.142	0.496	0.095	0.105	0.148	0.128	0.091	0.146	0.150	0.116	0.406	0.588	0.209	0.040	0.113	0.125	0.153	0.114	0.393	0.586	0.205	0.039	0.142	0.120	0.120	0.142	0.377	0.975	0.204	0.040
6:44:43	23.5	0.203	0.090	0.136	0.175	0.427	0.130	0.155	0.153	0.250	0.149	0.163	0.181	0.108	0.140	0.104	0.092	0.240	0.558	0.147	0.501	0.100	0.111	0.157	0.136	0.098	0.147	0.156	0.124	0.428	0.623	0.222	0.040	0.115	0.133	0.156	0.117	0.416	0.623	0.217	0.039	0.150	0.122	0.124	0.143	0.408	0.993	0.216	0.040
6:59:43	23.5	0.220	0.098	0.141	0.181	0.428	0.131	0.162	0.156	0.259	0.151	0.169	0.188	0.113	0.144	0.115	0.094	0.251	0.562	0.156	0.505	0.104	0.119	0.163	0.147	0.101	0.147	0.159	0.120	0.448	0.658	0.236	0.040	0.118	0.141	0.164	0.124	0.435	0.659	0.231	0.039	0.154	0.129	0.128	0.149	0.414	1.010	0.230	0.040
7:14:43	23.5	0.236	0.098	0.146	0.188	0.431	0.135	0.162	0.160	0.273	0.155	0.171	0.196	0.118	0.158	0.119	0.097	0.266	0.556	0.155	0.511	0.099	0.121	0.168	0.144	0.096	0.146	0.161	0.124	0.467	0.692	0.251	0.040	0.122	0.145	0.168	0.128	0.453	0.694	0.244	0.039	0.157	0.136	0.133	0.152	0.451	1.024	0.244	0.040
7:29:43	23.5	0.249	0.103	0.152	0.196	0.435	0.142	0.165	0.164	0.296	0.157	0.175	0.207	0.121	0.170	0.127	0.100	0.284	0.572	0.160	0.513	0.108	0.127	0.173	0.149	0.105	0.145	0.165	0.130	0.485	0.719	0.267	0.040	0.128	0.147	0.173	0.132	0.470	0.729	0.262	0.039	0.163	0.137	0.137	0.159	0.470	1.038	0.260	0.040
7:44:43	23.5	0.271	0.107	0.154	0.202	0.437	0.147	0.173	0.169	0.318	0.163	0.178	0.219	0.121	0.176	0.132	0.103	0.313	0.573	0.166	0.522	0.109	0.133	0.185	0.164	0.104	0.158	0.172	0.137	0.502	0.747	0.284	0.040	0.131	0.150	0.179	0.139	0.482	0.763	0.278	0.039	0.164	0.139	0.141	0.160	0.477	1.053	0.276	0.040
7:59:43	23.5	0.278	0.110	0.156	0.211	0.443	0.145	0.176	0.176	0.334	0.168	0.180	0.226	0.129	0.178	0.135	0.108	0.323	0.585	0.172	0.526	0.111	0.138	0.197	0.155	0.106	0.160	0.179	0.145	0.519	0.773	0.303	0.040	0.137	0.154	0.187	0.141	0.495	0.793	0.297	0.039	0.172	0.145	0.147	0.171	0.503	1.070	0.294	0.040
8:14:43	23.6	0.312	0.116	0.160	0.214	0.444	0.150	0.183	0.180	0.348	0.173	0.183	0.232	0.132	0.181	0.139	0.111	0.343	0.591	0.177	0.530	0.113	0.140	0.198	0.171	0.117	0.165	0.185	0.146	0.535	0.800	0.324	0.040	0.144	0.161	0.196	0.145	0.507	0.818	0.316	0.039	0.174	0.146	0.150	0.175	0.518	1.085	0.314	0.040

Results
	1	2	3	4	5	6	7	8
A	2.260	0.540	0.647	0.640	0.973	0.660	0.900	0.693	Max V [600]
	1.000	1.000	1.000	1.000	1.000	1.000	1.000	1.000	R-Squared [600]
	8:07:13	6:52:13	4:52:13	5:07:13	4:22:13	4:37:13	4:52:13	6:37:13	t at Max V [600]
	6:25:57	5:42:19	3:48:07	3:36:17	1:51:42	3:53:58	4:07:50	4:39:49	Lagtime [600]
B	1.500	1.233	0.633	0.920	0.553	1.680	0.733	0.460	Max V [600]
	1.000	1.000	1.000	1.000	1.000	1.000	1.000	1.000	R-Squared [600]
	7:22:13	6:22:13	6:22:13	5:37:13	7:52:13	6:37:13	6:52:13	6:37:13	t at Max V [600]
	4:58:23	5:29:33	4:11:43	4:13:51	5:47:04	5:56:23	5:39:24	5:16:53	Lagtime [600]
C	1.987	1.047	0.633	1.100	0.647	0.813	0.847	1.060	Max V [600]
	1.000	1.000	1.000	1.000	1.000	1.000	1.000	1.000	R-Squared [600]
	7:37:13	7:22:13	5:07:13	4:22:13	6:07:13	4:22:13	7:52:13	8:07:13	t at Max V [600]
	5:41:57	4:21:13	3:53:15	1:54:43	5:09:37	3:58:14	5:28:39	6:31:36	Lagtime [600]
D	0.780	0.867	0.493	0.540	1.480	2.413	1.360	-0.020	Max V [600]
	1.000	1.000	1.000	1.000	1.000	1.000	1.000	1.000	R-Squared [600]
	8:07:13	7:37:13	4:52:13	6:37:13	5:52:13	6:22:13	8:07:13	1:52:13	t at Max V [600]
	6:51:46	5:59:43	3:28:06	4:44:21	3:02:13	3:17:47	5:16:20	1:34:43	Lagtime [600]
E	0.487	0.520	0.833	0.500	1.553	2.440	1.260	0.020	Max V [600]
	1.000	1.000	1.000	1.000	1.000	1.000	1.000	1.000	R-Squared [600]
	8:07:13	6:37:13	5:52:13	5:22:13	5:52:13	6:37:13	7:52:13	3:52:13	t at Max V [600]
	5:22:31	4:26:04	4:35:14	4:06:19	3:20:31	3:19:58	5:07:44	4:49:43	Lagtime [600]
F	1.467	0.480	0.433	0.947	2.427	2.373	1.313	0.027	Max V [600]
	1.000	1.000	1.000	1.000	1.000	1.000	1.000	1.000	R-Squared [600]
	4:52:13	7:07:13	7:52:13	6:22:13	7:07:13	3:37:13	8:07:13	2:52:13	t at Max V [600]
	4:16:29	4:43:53	4:43:06	5:08:16	4:49:37	1:09:30	5:17:23	3:03:28	Lagtime [600]

