

Software Version	2.01.14



Experiment File Path:	C:\Users\Public\Documents\Experiments\Rachel\RNF_GrowthCurve_150626_plate3.xpt
Protocol File Path:	C:\Users\Public\Documents\Protocols\RNF_GrowthCurve.prt



Plate Number	Plate 2
Date	6/27/2015
Time	9:01:48 AM
Reader Type:	Synergy Mx
Reader Serial Number:	219512
Reading Type	Reader

Procedure Details

Plate Type	CellStar 48
Set Temperature	Incubator off
Start Kinetic	Runtime 8:00:00 (HH:MM:SS), Interval 0:15:00, 33 Reads
    Shake	Slow, Continuous
    Read	Absorbance Endpoint
	Full Plate
	Wavelengths:  600
	Read Speed: Normal,  Delay: 100 msec,  Measurements/Data Point: 8
End Kinetic	

600

Time	T° 600	A1	A2	A3	A4	A5	A6	A7	A8	B1	B2	B3	B4	B5	B6	B7	B8	C1	C2	C3	C4	C5	C6	C7	C8	D1	D2	D3	D4	D5	D6	D7	D8	E1	E2	E3	E4	E5	E6	E7	E8	F1	F2	F3	F4	F5	F6	F7	F8
0:14:43	22.7	0.077	0.086	0.096	0.090	0.085	0.074	0.078	0.070	0.078	0.087	0.093	0.062	0.083	0.075	0.064	0.080	0.083	0.088	0.099	0.083	0.086	0.079	0.078	0.079	0.099	0.090	0.091	0.155	0.094	0.121	0.148	0.040	0.101	0.073	0.081	0.100	0.088	0.099	0.102	0.041	0.083	0.098	0.084	0.118	0.103	0.101	0.120	0.041
0:29:43	22.7	0.078	0.089	0.097	0.087	0.083	0.076	0.074	0.069	0.084	0.086	0.093	0.061	0.081	0.073	0.059	0.082	0.081	0.086	0.093	0.081	0.086	0.077	0.074	0.079	0.095	0.089	0.089	0.147	0.097	0.126	0.148	0.040	0.099	0.072	0.078	0.097	0.088	0.101	0.104	0.041	0.081	0.097	0.082	0.114	0.101	0.106	0.118	0.041
0:44:43	22.8	0.080	0.089	0.099	0.086	0.084	0.076	0.072	0.070	0.082	0.085	0.093	0.061	0.082	0.073	0.058	0.082	0.083	0.086	0.094	0.079	0.087	0.076	0.072	0.080	0.093	0.089	0.088	0.148	0.103	0.130	0.148	0.040	0.099	0.073	0.078	0.098	0.090	0.104	0.107	0.040	0.081	0.099	0.081	0.131	0.102	0.106	0.119	0.041
0:59:43	22.9	0.084	0.091	0.102	0.085	0.085	0.077	0.070	0.071	0.081	0.087	0.096	0.061	0.084	0.075	0.059	0.085	0.085	0.087	0.098	0.078	0.087	0.076	0.070	0.083	0.093	0.092	0.089	0.157	0.100	0.132	0.153	0.040	0.101	0.074	0.079	0.102	0.090	0.107	0.115	0.040	0.083	0.101	0.082	0.117	0.104	0.108	0.130	0.041
1:14:43	23.0	0.088	0.094	0.105	0.088	0.086	0.079	0.069	0.074	0.084	0.089	0.098	0.061	0.085	0.077	0.059	0.088	0.088	0.091	0.101	0.079	0.088	0.079	0.069	0.086	0.095	0.096	0.090	0.169	0.100	0.140	0.162	0.040	0.107	0.077	0.081	0.106	0.098	0.108	0.113	0.040	0.094	0.106	0.083	0.124	0.106	0.111	0.123	0.041
1:29:43	23.1	0.091	0.097	0.110	0.092	0.089	0.083	0.071	0.077	0.091	0.092	0.106	0.062	0.088	0.081	0.061	0.093	0.092	0.095	0.107	0.081	0.092	0.083	0.070	0.091	0.096	0.102	0.093	0.175	0.102	0.144	0.178	0.040	0.104	0.081	0.084	0.112	0.098	0.112	0.121	0.040	0.086	0.113	0.085	0.134	0.112	0.115	0.127	0.041
1:44:43	23.1	0.098	0.101	0.114	0.098	0.093	0.087	0.072	0.082	0.094	0.099	0.111	0.063	0.092	0.086	0.062	0.098	0.099	0.099	0.113	0.084	0.095	0.087	0.072	0.097	0.104	0.108	0.098	0.182	0.113	0.158	0.186	0.040	0.115	0.086	0.086	0.118	0.100	0.119	0.123	0.040	0.090	0.121	0.088	0.132	0.123	0.119	0.133	0.041
1:59:43	23.1	0.103	0.105	0.118	0.108	0.098	0.094	0.074	0.087	0.099	0.104	0.116	0.066	0.097	0.091	0.064	0.105	0.105	0.105	0.120	0.089	0.102	0.093	0.074	0.104	0.102	0.115	0.103	0.205	0.115	0.161	0.183	0.040	0.111	0.091	0.091	0.128	0.107	0.124	0.131	0.041	0.094	0.129	0.093	0.154	0.124	0.126	0.141	0.041
2:14:43	23.2	0.110	0.113	0.127	0.121	0.104	0.100	0.079	0.091	0.106	0.112	0.124	0.069	0.103	0.098	0.068	0.112	0.112	0.113	0.129	0.098	0.108	0.101	0.078	0.111	0.107	0.123	0.111	0.227	0.123	0.172	0.199	0.040	0.116	0.097	0.097	0.138	0.111	0.132	0.135	0.040	0.100	0.139	0.097	0.163	0.130	0.133	0.161	0.041
2:29:43	23.2	0.119	0.122	0.137	0.139	0.112	0.109	0.084	0.098	0.114	0.120	0.134	0.072	0.111	0.107	0.070	0.117	0.120	0.122	0.141	0.110	0.118	0.110	0.082	0.121	0.118	0.132	0.117	0.243	0.132	0.177	0.215	0.040	0.122	0.105	0.102	0.140	0.119	0.141	0.143	0.040	0.107	0.149	0.104	0.168	0.137	0.141	0.171	0.041
2:44:43	23.2	0.131	0.132	0.148	0.163	0.124	0.120	0.091	0.101	0.125	0.130	0.147	0.078	0.123	0.120	0.074	0.124	0.132	0.134	0.154	0.126	0.130	0.123	0.089	0.127	0.126	0.140	0.124	0.250	0.141	0.196	0.224	0.041	0.127	0.113	0.109	0.154	0.127	0.150	0.154	0.040	0.112	0.158	0.110	0.198	0.142	0.150	0.171	0.041
2:59:43	23.2	0.144	0.145	0.162	0.193	0.138	0.134	0.101	0.105	0.140	0.143	0.162	0.085	0.137	0.135	0.078	0.128	0.147	0.148	0.170	0.146	0.146	0.137	0.097	0.133	0.135	0.152	0.132	0.278	0.148	0.208	0.224	0.041	0.140	0.119	0.116	0.182	0.131	0.164	0.165	0.040	0.119	0.170	0.117	0.212	0.155	0.164	0.192	0.041
3:14:43	23.3	0.161	0.163	0.179	0.233	0.157	0.153	0.114	0.118	0.157	0.161	0.181	0.095	0.155	0.153	0.086	0.146	0.165	0.166	0.191	0.173	0.165	0.156	0.110	0.146	0.145	0.160	0.141	0.317	0.159	0.218	0.257	0.041	0.149	0.128	0.121	0.179	0.138	0.176	0.175	0.040	0.124	0.221	0.121	0.241	0.165	0.178	0.199	0.041
3:29:43	23.3	0.180	0.185	0.202	0.281	0.180	0.175	0.131	0.128	0.179	0.185	0.206	0.108	0.177	0.177	0.095	0.150	0.188	0.189	0.217	0.207	0.191	0.180	0.124	0.156	0.152	0.180	0.150	0.309	0.170	0.229	0.271	0.041	0.159	0.137	0.127	0.206	0.147	0.190	0.180	0.040	0.132	0.222	0.128	0.243	0.172	0.184	0.196	0.041
3:44:43	23.3	0.208	0.215	0.233	0.339	0.209	0.205	0.153	0.135	0.206	0.213	0.237	0.125	0.205	0.209	0.107	0.175	0.214	0.217	0.249	0.250	0.221	0.214	0.143	0.186	0.167	0.195	0.160	0.322	0.179	0.247	0.287	0.040	0.167	0.154	0.135	0.227	0.156	0.202	0.197	0.040	0.140	0.222	0.136	0.266	0.179	0.192	0.221	0.041
3:59:43	23.3	0.236	0.248	0.273	0.404	0.245	0.242	0.178	0.157	0.239	0.251	0.278	0.147	0.240	0.247	0.121	0.191	0.248	0.255	0.290	0.303	0.261	0.252	0.167	0.205	0.173	0.222	0.173	0.370	0.187	0.267	0.296	0.040	0.191	0.167	0.144	0.250	0.163	0.206	0.200	0.040	0.147	0.249	0.141	0.279	0.194	0.201	0.248	0.041
4:14:43	23.3	0.270	0.287	0.318	0.451	0.290	0.283	0.208	0.216	0.279	0.295	0.324	0.176	0.284	0.292	0.140	0.224	0.288	0.299	0.338	0.367	0.306	0.298	0.197	0.229	0.192	0.237	0.180	0.361	0.198	0.276	0.314	0.040	0.203	0.191	0.153	0.273	0.186	0.216	0.215	0.040	0.167	0.269	0.150	0.301	0.219	0.212	0.245	0.041
4:29:43	23.3	0.301	0.325	0.376	0.487	0.341	0.324	0.250	0.217	0.325	0.345	0.379	0.214	0.336	0.335	0.163	0.239	0.333	0.349	0.393	0.427	0.357	0.339	0.234	0.251	0.222	0.275	0.193	0.418	0.209	0.295	0.370	0.043	0.213	0.212	0.166	0.305	0.213	0.234	0.237	0.040	0.165	0.295	0.164	0.315	0.248	0.237	0.281	0.041
4:44:43	23.3	0.342	0.366	0.434	0.539	0.382	0.365	0.292	0.239	0.378	0.403	0.442	0.262	0.381	0.377	0.194	0.277	0.386	0.409	0.454	0.477	0.401	0.387	0.281	0.274	0.245	0.290	0.222	0.412	0.221	0.344	0.333	0.040	0.261	0.232	0.186	0.319	0.206	0.243	0.259	0.040	0.188	0.319	0.176	0.338	0.239	0.250	0.287	0.041
4:59:43	23.3	0.381	0.416	0.476	0.592	0.432	0.415	0.337	0.257	0.435	0.465	0.504	0.322	0.439	0.433	0.233	0.307	0.441	0.473	0.502	0.541	0.467	0.456	0.322	0.300	0.295	0.312	0.246	0.440	0.235	0.363	0.375	0.040	0.297	0.274	0.221	0.332	0.202	0.270	0.287	0.041	0.203	0.341	0.195	0.339	0.266	0.262	0.353	0.041
5:14:43	23.4	0.406	0.446	0.511	0.631	0.469	0.461	0.402	0.293	0.467	0.505	0.542	0.373	0.504	0.479	0.281	0.307	0.473	0.509	0.543	0.604	0.525	0.517	0.378	0.314	0.274	0.333	0.271	0.440	0.255	0.354	0.446	0.040	0.327	0.290	0.218	0.365	0.259	0.294	0.310	0.040	0.239	0.359	0.216	0.374	0.293	0.271	0.304	0.041
5:29:43	23.4	0.443	0.485	0.542	0.684	0.511	0.517	0.451	0.322	0.512	0.548	0.583	0.429	0.561	0.529	0.324	0.326	0.515	0.552	0.575	0.647	0.586	0.566	0.440	0.338	0.318	0.348	0.308	0.467	0.286	0.362	0.515	0.040	0.278	0.311	0.249	0.369	0.313	0.324	0.292	0.040	0.253	0.380	0.235	0.377	0.362	0.319	0.323	0.041
5:44:43	23.4	0.471	0.518	0.572	0.704	0.566	0.578	0.510	0.310	0.544	0.583	0.616	0.505	0.613	0.583	0.378	0.329	0.546	0.586	0.603	0.691	0.632	0.614	0.499	0.380	0.311	0.366	0.304	0.474	0.364	0.471	0.439	0.040	0.305	0.340	0.281	0.387	0.257	0.351	0.339	0.040	0.284	0.409	0.246	0.400	0.327	0.388	0.341	0.041
5:59:43	23.5	0.517	0.556	0.607	0.732	0.602	0.612	0.560	0.326	0.578	0.616	0.654	0.563	0.660	0.618	0.435	0.352	0.582	0.619	0.636	0.719	0.660	0.654	0.560	0.379	0.334	0.387	0.325	0.505	0.357	0.538	0.447	0.040	0.337	0.333	0.322	0.405	0.355	0.340	0.365	0.040	0.272	0.409	0.290	0.418	0.332	0.392	0.358	0.041
6:14:43	23.5	0.551	0.586	0.642	0.765	0.625	0.637	0.614	0.345	0.615	0.662	0.690	0.605	0.677	0.654	0.495	0.360	0.622	0.661	0.686	0.745	0.689	0.673	0.609	0.396	0.361	0.399	0.348	0.528	0.352	0.442	0.460	0.040	0.356	0.368	0.306	0.423	0.290	0.354	0.351	0.040	0.292	0.438	0.305	0.430	0.344	0.351	0.377	0.041
6:29:43	23.5	0.583	0.624	0.674	0.777	0.665	0.670	0.661	0.360	0.667	0.703	0.723	0.641	0.711	0.676	0.549	0.382	0.670	0.701	0.715	0.767	0.707	0.704	0.649	0.417	0.377	0.425	0.374	0.549	0.385	0.463	0.485	0.040	0.372	0.385	0.321	0.430	0.313	0.376	0.383	0.040	0.316	0.445	0.316	0.447	0.366	0.370	0.384	0.041
6:44:43	23.6	0.610	0.646	0.708	0.805	0.675	0.677	0.666	0.384	0.702	0.737	0.748	0.683	0.724	0.691	0.608	0.383	0.700	0.732	0.738	0.782	0.726	0.711	0.686	0.422	0.398	0.433	0.396	0.582	0.477	0.484	0.498	0.040	0.395	0.398	0.369	0.446	0.330	0.410	0.402	0.040	0.337	0.454	0.349	0.456	0.383	0.386	0.394	0.041
6:59:43	23.6	0.638	0.664	0.719	0.802	0.681	0.707	0.683	0.398	0.733	0.765	0.773	0.706	0.745	0.707	0.648	0.394	0.729	0.755	0.757	0.790	0.738	0.730	0.706	0.433	0.411	0.449	0.416	0.611	0.389	0.508	0.517	0.040	0.417	0.435	0.382	0.465	0.347	0.424	0.414	0.040	0.359	0.473	0.355	0.495	0.399	0.400	0.414	0.041
7:14:43	23.6	0.657	0.686	0.744	0.793	0.698	0.714	0.711	0.412	0.759	0.780	0.790	0.717	0.760	0.721	0.669	0.418	0.755	0.774	0.772	0.801	0.765	0.746	0.729	0.446	0.439	0.460	0.435	0.663	0.409	0.519	0.526	0.040	0.430	0.433	0.407	0.498	0.360	0.440	0.426	0.040	0.377	0.492	0.382	0.529	0.411	0.412	0.428	0.041
7:29:43	23.7	0.677	0.702	0.764	0.833	0.761	0.734	0.719	0.421	0.776	0.801	0.811	0.733	0.775	0.752	0.684	0.432	0.770	0.793	0.790	0.802	0.784	0.760	0.746	0.478	0.461	0.486	0.459	0.696	0.428	0.537	0.536	0.040	0.452	0.455	0.428	0.521	0.377	0.453	0.443	0.040	0.394	0.517	0.400	0.558	0.426	0.429	0.440	0.041
7:44:43	23.7	0.699	0.724	0.777	0.832	0.785	0.763	0.738	0.434	0.797	0.820	0.831	0.744	0.794	0.766	0.700	0.455	0.789	0.812	0.817	0.819	0.794	0.765	0.755	0.499	0.484	0.508	0.483	0.731	0.445	0.550	0.551	0.040	0.477	0.467	0.451	0.557	0.392	0.472	0.464	0.040	0.423	0.543	0.417	0.591	0.439	0.446	0.457	0.041
7:59:43	23.7	0.719	0.750	0.787	0.831	0.795	0.771	0.768	0.464	0.811	0.834	0.842	0.767	0.801	0.770	0.705	0.480	0.807	0.833	0.833	0.823	0.798	0.767	0.762	0.542	0.505	0.538	0.503	0.773	0.466	0.561	0.564	0.040	0.505	0.494	0.469	0.589	0.410	0.494	0.483	0.040	0.437	0.574	0.437	0.641	0.457	0.467	0.474	0.041
8:14:43	23.8	0.743	0.766	0.798	0.829	0.798	0.771	0.766	0.485	0.830	0.845	0.861	0.764	0.805	0.775	0.726	0.525	0.826	0.844	0.837	0.822	0.800	0.777	0.765	0.567	0.529	0.571	0.524	0.815	0.487	0.578	0.601	0.040	0.514	0.524	0.494	0.631	0.425	0.511	0.500	0.040	0.458	0.602	0.452	0.677	0.478	0.488	0.487	0.041

Results
	1	2	3	4	5	6	7	8
A	3.040	3.287	3.867	4.353	4.213	4.087	4.313	3.933	Max V [600]
	1.000	1.000	1.000	1.000	1.000	1.000	1.000	1.000	R-Squared [600]
	5:52:13	4:52:13	4:22:13	3:52:13	7:22:13	5:37:13	5:07:13	4:07:13	t at Max V [600]
	3:35:11	3:19:28	3:17:09	2:47:34	4:49:08	3:41:28	3:59:37	3:37:37	Lagtime [600]
B	3.820	4.153	4.180	5.047	4.333	3.767	4.007	2.967	Max V [600]
	1.000	1.000	1.000	1.000	1.000	1.000	1.000	1.000	R-Squared [600]
	4:52:13	4:52:13	4:37:13	5:37:13	5:07:13	4:52:13	6:07:13	8:07:13	t at Max V [600]
	3:26:14	3:28:41	3:21:11	4:17:03	3:37:38	3:24:44	4:27:04	5:44:39	Lagtime [600]
C	3.693	4.220	4.087	4.267	4.380	4.633	4.120	2.920	Max V [600]
	1.000	1.000	1.000	1.000	1.000	1.000	1.000	1.000	R-Squared [600]
	4:52:13	4:52:13	4:37:13	4:52:13	4:52:13	4:52:13	5:22:13	7:52:13	t at Max V [600]
	3:22:36	3:28:35	3:17:41	3:12:28	3:32:41	3:38:18	4:01:57	5:21:11	Lagtime [600]
D	3.353	2.533	2.480	3.787	6.187	7.307	-5.053	-0.187	Max V [600]
	1.000	1.000	1.000	1.000	1.000	1.000	1.000	1.000	R-Squared [600]
	4:52:13	4:22:13	5:22:13	4:22:13	6:37:13	5:37:13	5:37:13	4:37:13	t at Max V [600]
	4:01:02	3:16:56	4:01:58	3:20:21	5:42:39	4:56:43	6:42:22	4:44:43	Lagtime [600]
E	-3.253	2.787	3.207	2.853	6.533	2.247	3.140	-0.073	Max V [600]
	1.000	1.000	1.000	1.000	1.000	1.000	1.000	1.000	R-Squared [600]
	5:22:13	4:52:13	6:37:13	8:07:13	5:52:13	6:37:13	5:37:13	5:07:13	t at Max V [600]
	6:24:11	3:47:31	5:14:49	5:08:22	5:18:55	4:26:04	4:29:09	5:01:05	Lagtime [600]
F	2.453	3.380	2.973	3.367	4.560	4.540	4.427	-0.027	Max V [600]
	1.000	1.000	1.000	1.000	1.000	1.000	1.000	1.000	R-Squared [600]
	5:07:13	3:07:13	5:52:13	7:52:13	5:22:13	5:37:13	4:52:13	2:37:13	t at Max V [600]
	4:10:48	2:38:30	4:50:24	5:24:22	4:32:51	4:41:39	4:07:05	2:37:13	Lagtime [600]

