

Software Version	2.01.14



Experiment File Path:	C:\Users\Public\Documents\Experiments\Rachel\RNF_GrowthCurve_20150625_plate2.xpt
Protocol File Path:	C:\Users\Public\Documents\Protocols\RNF_GrowthCurve.prt



Plate Number	Plate 1
Date	6/25/2015
Time	5:04:29 PM
Reader Type:	Synergy Mx
Reader Serial Number:	219512
Reading Type	Reader

Procedure Details

Plate Type	CellStar 48
Set Temperature	Incubator off
Start Kinetic	Runtime 8:00:00 (HH:MM:SS), Interval 0:15:00, 33 Reads
    Shake	Slow, Continuous
    Read	Absorbance Endpoint
	Full Plate
	Wavelengths:  600
	Read Speed: Normal,  Delay: 100 msec,  Measurements/Data Point: 8
End Kinetic	

600

Time	T° 600	A1	A2	A3	A4	A5	A6	A7	A8	B1	B2	B3	B4	B5	B6	B7	B8	C1	C2	C3	C4	C5	C6	C7	C8	D1	D2	D3	D4	D5	D6	D7	D8	E1	E2	E3	E4	E5	E6	E7	E8	F1	F2	F3	F4	F5	F6	F7	F8
0:14:43	23.8	0.084	0.084	0.101	0.109	0.147	0.160	0.107	0.113	0.084	0.082	0.108	0.112	0.148	0.156	0.109	0.107	0.083	0.084	0.104	0.111	0.150	0.151	0.114	0.111	0.111	0.160	0.137	0.153	0.143	0.104	0.095	0.115	0.112	0.162	0.129	0.154	0.154	0.105	0.096	0.109	0.111	0.164	0.133	0.154	0.145	0.104	0.096	0.127
0:29:43	23.9	0.084	0.083	0.103	0.112	0.152	0.164	0.110	0.116	0.084	0.082	0.111	0.115	0.152	0.156	0.112	0.109	0.083	0.084	0.106	0.114	0.155	0.153	0.117	0.115	0.114	0.165	0.147	0.158	0.147	0.106	0.096	0.117	0.113	0.166	0.132	0.158	0.158	0.106	0.096	0.110	0.114	0.170	0.136	0.159	0.149	0.106	0.097	0.131
0:44:43	24.0	0.084	0.083	0.108	0.116	0.157	0.169	0.114	0.120	0.084	0.083	0.114	0.119	0.158	0.162	0.118	0.113	0.083	0.084	0.109	0.117	0.161	0.157	0.123	0.120	0.121	0.172	0.144	0.163	0.152	0.108	0.098	0.120	0.120	0.171	0.135	0.164	0.163	0.107	0.097	0.113	0.121	0.176	0.139	0.165	0.154	0.108	0.098	0.135
0:59:43	24.0	0.084	0.083	0.111	0.120	0.162	0.176	0.118	0.125	0.084	0.084	0.118	0.123	0.165	0.170	0.123	0.118	0.083	0.083	0.113	0.121	0.166	0.163	0.128	0.126	0.125	0.176	0.147	0.170	0.156	0.110	0.099	0.123	0.123	0.178	0.137	0.169	0.167	0.109	0.098	0.115	0.125	0.183	0.143	0.170	0.159	0.110	0.099	0.139
1:14:43	24.1	0.084	0.083	0.117	0.124	0.169	0.191	0.124	0.130	0.084	0.083	0.123	0.128	0.172	0.182	0.129	0.123	0.083	0.084	0.118	0.125	0.173	0.173	0.135	0.132	0.134	0.182	0.149	0.175	0.161	0.112	0.100	0.127	0.129	0.183	0.142	0.174	0.173	0.111	0.100	0.118	0.132	0.189	0.146	0.176	0.164	0.113	0.101	0.143
1:29:43	24.1	0.084	0.083	0.122	0.130	0.176	0.212	0.129	0.135	0.084	0.083	0.128	0.134	0.179	0.202	0.135	0.129	0.083	0.084	0.123	0.130	0.180	0.189	0.142	0.139	0.139	0.188	0.153	0.180	0.166	0.115	0.101	0.130	0.137	0.186	0.144	0.180	0.176	0.113	0.101	0.121	0.141	0.195	0.151	0.182	0.169	0.115	0.102	0.148
1:44:43	24.2	0.084	0.083	0.131	0.135	0.184	0.241	0.136	0.142	0.084	0.083	0.134	0.140	0.187	0.228	0.143	0.135	0.084	0.084	0.130	0.136	0.188	0.210	0.152	0.148	0.148	0.193	0.157	0.185	0.173	0.117	0.103	0.133	0.146	0.193	0.148	0.183	0.183	0.115	0.102	0.124	0.165	0.202	0.154	0.188	0.174	0.117	0.104	0.152
1:59:43	24.2	0.084	0.083	0.137	0.141	0.193	0.276	0.145	0.153	0.084	0.083	0.141	0.146	0.195	0.264	0.156	0.145	0.083	0.083	0.136	0.142	0.196	0.238	0.168	0.162	0.164	0.199	0.160	0.192	0.178	0.120	0.104	0.137	0.161	0.196	0.151	0.190	0.186	0.117	0.103	0.127	0.171	0.208	0.158	0.195	0.181	0.120	0.105	0.158
2:14:43	24.2	0.084	0.083	0.143	0.148	0.202	0.320	0.162	0.170	0.084	0.083	0.148	0.153	0.204	0.309	0.174	0.161	0.083	0.083	0.144	0.149	0.205	0.273	0.191	0.182	0.187	0.204	0.163	0.199	0.186	0.122	0.106	0.141	0.180	0.202	0.156	0.196	0.194	0.120	0.105	0.131	0.194	0.212	0.160	0.202	0.187	0.123	0.107	0.163
2:29:43	24.2	0.084	0.083	0.149	0.156	0.212	0.376	0.185	0.194	0.084	0.083	0.156	0.162	0.214	0.367	0.201	0.183	0.083	0.083	0.154	0.157	0.216	0.316	0.223	0.211	0.212	0.213	0.168	0.204	0.193	0.126	0.108	0.145	0.211	0.208	0.160	0.202	0.199	0.123	0.107	0.135	0.222	0.219	0.167	0.210	0.195	0.126	0.109	0.169
2:44:43	24.2	0.084	0.083	0.158	0.166	0.222	0.455	0.217	0.226	0.084	0.083	0.166	0.172	0.224	0.446	0.235	0.213	0.083	0.083	0.164	0.166	0.226	0.375	0.261	0.246	0.242	0.219	0.174	0.212	0.200	0.129	0.110	0.150	0.243	0.214	0.164	0.209	0.207	0.126	0.109	0.139	0.247	0.227	0.171	0.218	0.200	0.129	0.110	0.176
2:59:43	24.2	0.084	0.083	0.177	0.177	0.233	0.523	0.255	0.264	0.084	0.083	0.179	0.183	0.235	0.535	0.277	0.252	0.083	0.083	0.178	0.177	0.237	0.452	0.307	0.290	0.277	0.231	0.182	0.225	0.208	0.132	0.112	0.155	0.281	0.226	0.169	0.220	0.214	0.129	0.111	0.143	0.274	0.236	0.179	0.229	0.209	0.132	0.113	0.182
3:14:43	24.2	0.084	0.083	0.189	0.188	0.245	0.585	0.301	0.310	0.084	0.083	0.189	0.195	0.247	0.608	0.324	0.298	0.083	0.083	0.193	0.188	0.249	0.527	0.362	0.341	0.323	0.241	0.191	0.232	0.218	0.136	0.114	0.160	0.319	0.238	0.177	0.227	0.222	0.132	0.113	0.147	0.320	0.245	0.184	0.239	0.218	0.136	0.115	0.188
3:29:43	24.3	0.084	0.083	0.204	0.201	0.257	0.615	0.356	0.365	0.084	0.083	0.206	0.208	0.259	0.661	0.383	0.354	0.083	0.083	0.213	0.200	0.262	0.582	0.432	0.405	0.388	0.249	0.194	0.245	0.229	0.140	0.116	0.165	0.375	0.246	0.183	0.237	0.233	0.136	0.115	0.152	0.361	0.254	0.195	0.251	0.232	0.140	0.117	0.195
3:44:43	24.3	0.084	0.083	0.217	0.214	0.271	0.665	0.430	0.443	0.084	0.083	0.238	0.221	0.273	0.703	0.456	0.426	0.083	0.083	0.234	0.213	0.276	0.630	0.511	0.486	0.467	0.268	0.204	0.259	0.239	0.145	0.119	0.172	0.456	0.257	0.188	0.251	0.244	0.140	0.118	0.158	0.390	0.264	0.205	0.262	0.239	0.144	0.120	0.203
3:59:43	24.3	0.084	0.083	0.225	0.229	0.285	0.703	0.510	0.516	0.084	0.083	0.238	0.236	0.287	0.740	0.526	0.500	0.083	0.083	0.257	0.227	0.291	0.677	0.555	0.551	0.531	0.279	0.214	0.271	0.251	0.150	0.122	0.179	0.530	0.271	0.197	0.264	0.259	0.144	0.120	0.163	0.438	0.279	0.212	0.278	0.252	0.149	0.123	0.211
4:14:43	24.3	0.084	0.083	0.265	0.244	0.301	0.728	0.572	0.572	0.084	0.083	0.277	0.253	0.303	0.775	0.573	0.549	0.083	0.083	0.281	0.243	0.307	0.722	0.615	0.595	0.587	0.293	0.227	0.286	0.265	0.154	0.125	0.186	0.583	0.279	0.207	0.274	0.272	0.149	0.123	0.170	0.501	0.288	0.228	0.292	0.264	0.154	0.126	0.220
4:29:43	24.3	0.084	0.083	0.284	0.263	0.317	0.776	0.611	0.611	0.084	0.083	0.323	0.272	0.320	0.812	0.624	0.602	0.083	0.083	0.311	0.262	0.324	0.750	0.661	0.647	0.643	0.307	0.238	0.302	0.279	0.160	0.129	0.193	0.643	0.291	0.216	0.289	0.288	0.154	0.126	0.176	0.525	0.301	0.233	0.307	0.280	0.159	0.129	0.229
4:44:43	24.4	0.084	0.083	0.298	0.283	0.334	0.808	0.656	0.656	0.084	0.083	0.305	0.293	0.337	0.839	0.680	0.654	0.083	0.083	0.344	0.282	0.341	0.791	0.709	0.691	0.688	0.326	0.249	0.319	0.296	0.166	0.132	0.201	0.688	0.313	0.230	0.308	0.296	0.159	0.130	0.184	0.552	0.316	0.249	0.324	0.293	0.165	0.133	0.238
4:59:43	24.4	0.084	0.083	0.329	0.307	0.353	0.828	0.704	0.709	0.084	0.083	0.362	0.319	0.355	0.868	0.721	0.699	0.083	0.083	0.468	0.306	0.359	0.816	0.742	0.736	0.737	0.343	0.254	0.336	0.313	0.172	0.136	0.210	0.743	0.329	0.240	0.323	0.316	0.165	0.134	0.192	0.585	0.334	0.260	0.340	0.310	0.171	0.137	0.247
5:14:43	24.5	0.084	0.083	0.397	0.332	0.372	0.848	0.745	0.749	0.084	0.083	0.394	0.347	0.374	0.893	0.746	0.730	0.084	0.083	0.454	0.333	0.379	0.838	0.772	0.767	0.759	0.358	0.276	0.355	0.329	0.179	0.140	0.218	0.775	0.343	0.253	0.340	0.333	0.171	0.138	0.198	0.614	0.348	0.273	0.359	0.326	0.178	0.141	0.258
5:29:43	24.5	0.084	0.083	0.410	0.361	0.393	0.867	0.760	0.774	0.084	0.083	0.432	0.378	0.395	0.913	0.777	0.765	0.083	0.083	0.519	0.363	0.401	0.858	0.799	0.795	0.790	0.376	0.290	0.373	0.346	0.187	0.144	0.227	0.803	0.359	0.270	0.355	0.344	0.177	0.143	0.207	0.630	0.368	0.290	0.377	0.344	0.186	0.146	0.270
5:44:43	24.5	0.084	0.083	0.551	0.393	0.414	0.883	0.788	0.798	0.084	0.083	0.492	0.411	0.417	0.920	0.800	0.790	0.083	0.083	0.534	0.397	0.423	0.881	0.824	0.823	0.818	0.394	0.304	0.391	0.364	0.194	0.149	0.238	0.831	0.377	0.284	0.373	0.364	0.183	0.147	0.217	0.648	0.387	0.297	0.396	0.363	0.193	0.151	0.281
5:59:43	24.5	0.084	0.083	0.553	0.427	0.439	0.900	0.813	0.828	0.084	0.083	0.419	0.448	0.440	0.931	0.829	0.817	0.083	0.083	0.556	0.432	0.448	0.894	0.846	0.849	0.842	0.411	0.314	0.412	0.382	0.203	0.155	0.251	0.856	0.393	0.299	0.391	0.380	0.191	0.153	0.227	0.653	0.407	0.318	0.414	0.379	0.201	0.156	0.293
6:14:43	24.5	0.084	0.083	0.554	0.463	0.464	0.922	0.835	0.851	0.084	0.083	0.510	0.483	0.466	0.946	0.850	0.850	0.083	0.083	0.549	0.468	0.473	0.906	0.865	0.871	0.864	0.430	0.333	0.430	0.400	0.211	0.161	0.261	0.878	0.412	0.311	0.407	0.397	0.199	0.158	0.237	0.653	0.423	0.335	0.430	0.398	0.210	0.162	0.306
6:29:43	24.5	0.084	0.083	0.528	0.500	0.490	0.930	0.861	0.869	0.084	0.083	0.488	0.519	0.490	0.956	0.873	0.872	0.083	0.083	0.596	0.506	0.500	0.928	0.884	0.891	0.884	0.449	0.350	0.448	0.418	0.217	0.166	0.272	0.900	0.436	0.329	0.425	0.415	0.208	0.164	0.248	0.653	0.443	0.350	0.447	0.416	0.220	0.168	0.318
6:44:43	24.5	0.084	0.083	0.580	0.535	0.515	0.928	0.877	0.885	0.084	0.083	0.523	0.556	0.517	0.984	0.886	0.891	0.083	0.083	0.611	0.546	0.528	0.943	0.904	0.910	0.903	0.467	0.373	0.468	0.438	0.229	0.173	0.284	0.918	0.456	0.348	0.442	0.433	0.216	0.171	0.259	0.651	0.460	0.367	0.464	0.433	0.230	0.174	0.331
6:59:43	24.5	0.084	0.083	0.572	0.571	0.542	0.928	0.904	0.903	0.084	0.083	0.525	0.591	0.544	0.988	0.898	0.907	0.083	0.083	0.645	0.585	0.556	0.947	0.919	0.927	0.919	0.486	0.388	0.488	0.457	0.241	0.180	0.293	0.938	0.473	0.365	0.461	0.452	0.225	0.177	0.271	0.651	0.480	0.386	0.482	0.451	0.239	0.181	0.342
7:14:43	24.4	0.084	0.083	0.580	0.607	0.569	0.925	0.909	0.931	0.084	0.083	0.541	0.625	0.572	0.986	0.917	0.919	0.083	0.083	0.635	0.618	0.586	0.947	0.940	0.939	0.931	0.505	0.406	0.506	0.476	0.250	0.188	0.305	0.949	0.490	0.384	0.479	0.472	0.235	0.185	0.283	0.650	0.499	0.398	0.499	0.469	0.250	0.189	0.354
7:29:43	24.4	0.084	0.083	0.591	0.636	0.596	0.922	0.915	0.942	0.084	0.083	0.549	0.661	0.601	0.982	0.928	0.909	0.083	0.083	0.758	0.655	0.615	0.947	0.950	0.939	0.939	0.521	0.429	0.524	0.494	0.264	0.197	0.316	0.955	0.507	0.400	0.497	0.484	0.245	0.192	0.294	0.648	0.518	0.415	0.517	0.484	0.262	0.197	0.366
7:44:43	24.4	0.084	0.083	0.579	0.668	0.624	0.920	0.941	0.923	0.084	0.083	0.585	0.693	0.629	0.981	0.955	0.931	0.083	0.083	0.664	0.689	0.644	0.946	0.959	0.959	0.959	0.533	0.446	0.543	0.511	0.273	0.206	0.327	0.979	0.524	0.422	0.516	0.496	0.256	0.200	0.306	0.650	0.535	0.435	0.532	0.500	0.273	0.206	0.379
7:59:43	24.4	0.084	0.083	0.614	0.698	0.652	0.918	0.968	0.961	0.084	0.083	0.601	0.724	0.658	0.978	0.964	0.943	0.083	0.083	0.682	0.720	0.671	0.945	0.959	0.960	0.959	0.549	0.466	0.559	0.527	0.288	0.215	0.340	0.984	0.538	0.441	0.534	0.510	0.268	0.208	0.318	0.653	0.557	0.449	0.545	0.515	0.284	0.215	0.394
8:14:43	24.3	0.084	0.083	0.652	0.726	0.679	0.916	0.969	0.964	0.084	0.083	0.622	0.754	0.687	0.976	0.965	0.939	0.083	0.083	0.836	0.750	0.699	0.945	0.958	0.957	0.958	0.566	0.487	0.573	0.543	0.301	0.223	0.352	0.983	0.554	0.457	0.548	0.525	0.280	0.216	0.331	0.654	0.571	0.468	0.559	0.528	0.297	0.224	0.408

Results
	1	2	3	4	5	6	7	8
A	0.013	0.040	9.400	2.467	1.887	5.287	5.307	5.180	Max V [600]
	1.000	1.000	1.000	1.000	1.000	1.000	1.000	1.000	R-Squared [600]
	2:22:13	7:37:13	5:37:13	6:22:13	7:52:13	2:37:13	3:52:13	3:37:13	t at Max V [600]
	2:37:13	7:52:13	4:56:53	3:51:07	3:31:47	1:48:56	2:43:43	2:40:55	Lagtime [600]
B	-0.020	0.067	6.053	2.480	1.940	5.967	4.907	4.927	Max V [600]
	1.000	1.000	1.000	1.000	1.000	1.000	1.000	1.000	R-Squared [600]
	3:52:13	0:52:13	6:07:13	6:37:13	7:22:13	2:52:13	3:37:13	3:52:13	t at Max V [600]
	3:54:43	0:41:43	5:08:18	3:45:36	3:36:16	1:56:11	2:33:54	2:39:56	Lagtime [600]
C	-0.013	-0.027	10.293	2.627	1.947	5.173	5.267	5.447	Max V [600]
	1.000	1.000	1.000	1.000	1.000	1.000	1.000	1.000	R-Squared [600]
	3:07:13	0:22:13	8:07:13	6:37:13	7:22:13	2:52:13	3:37:13	3:37:13	t at Max V [600]
	2:59:43	0:14:43	7:03:34	3:59:16	3:31:09	2:01:33	2:29:25	2:35:51	Lagtime [600]
D	5.253	1.293	1.513	1.400	1.293	0.987	0.620	0.873	Max V [600]
	1.000	1.000	1.000	1.000	1.000	1.000	1.000	1.000	R-Squared [600]
	3:37:13	6:52:13	7:22:13	5:52:13	6:37:13	7:52:13	7:37:13	7:52:13	t at Max V [600]
	2:36:56	2:47:21	4:16:54	2:54:30	2:57:05	4:53:44	4:46:29	3:41:44	Lagtime [600]
E	5.373	1.620	1.467	1.273	1.387	0.813	0.573	0.840	Max V [600]
	1.000	1.000	1.000	1.000	1.000	1.000	1.000	1.000	R-Squared [600]
	3:37:13	6:22:13	7:37:13	7:37:13	7:07:13	7:52:13	7:52:13	8:07:13	t at Max V [600]
	2:40:40	3:40:05	4:24:53	3:00:16	3:25:28	4:38:34	4:44:01	3:50:12	Lagtime [600]
F	4.207	1.420	1.347	1.240	1.287	0.847	0.647	0.987	Max V [600]
	1.000	1.000	1.000	1.000	1.000	1.000	1.000	1.000	R-Squared [600]
	4:07:13	7:52:13	5:52:13	5:37:13	5:37:13	8:07:13	7:52:13	7:52:13	t at Max V [600]
	2:42:02	3:22:57	3:42:52	2:29:53	2:55:17	4:27:07	4:54:55	3:28:54	Lagtime [600]

