

Software Version	2.01.14



Experiment File Path:	C:\Users\Public\Documents\Experiments\Rachel\RNF_GrowthCurve_150701_092818.xpt
Protocol File Path:	C:\Users\Public\Documents\Protocols\RNF_GrowthCurve.prt



Plate Number	Plate 1
Date	7/1/2015
Time	9:30:29 AM
Reader Type:	Synergy Mx
Reader Serial Number:	219512
Reading Type	Reader

Procedure Details

Plate Type	CellStar 48
Set Temperature	Incubator off
Start Kinetic	Runtime 12:00:00 (HH:MM:SS), Interval 0:15:00, 49 Reads
    Shake	Slow, Continuous
    Read	Absorbance Endpoint
	Full Plate
	Wavelengths:  600
	Read Speed: Normal,  Delay: 100 msec,  Measurements/Data Point: 8
End Kinetic	

600

Time	T° 600	A1	A2	A3	A4	A5	A6	A7	A8	B1	B2	B3	B4	B5	B6	B7	B8	C1	C2	C3	C4	C5	C6	C7	C8	D1	D2	D3	D4	D5	D6	D7	D8	E1	E2	E3	E4	E5	E6	E7	E8	F1	F2	F3	F4	F5	F6	F7	F8
0:14:43	20.2	0.045	0.044	0.044	0.044	0.043	0.044	0.044	0.044	0.046	0.049	0.045	0.044	0.044	0.044	0.044	0.046	0.046	0.044	0.044	0.044	0.043	0.043	0.045	0.043	0.044	0.044	0.044	0.039	0.097	0.073	0.106	0.066	0.044	0.045	0.044	0.040	0.098	0.072	0.105	0.061	0.045	0.045	0.044	0.040	0.099	0.074	0.106	0.067
0:29:43	20.5	0.045	0.044	0.044	0.044	0.043	0.044	0.044	0.044	0.046	0.049	0.045	0.044	0.044	0.044	0.044	0.046	0.045	0.044	0.044	0.044	0.043	0.043	0.045	0.043	0.045	0.044	0.044	0.039	0.100	0.073	0.108	0.069	0.044	0.045	0.044	0.039	0.100	0.071	0.106	0.064	0.045	0.045	0.044	0.040	0.101	0.072	0.108	0.070
0:44:43	20.9	0.045	0.044	0.044	0.044	0.043	0.044	0.044	0.044	0.046	0.049	0.045	0.044	0.044	0.044	0.044	0.046	0.045	0.044	0.044	0.043	0.043	0.043	0.045	0.043	0.044	0.044	0.044	0.039	0.103	0.072	0.110	0.072	0.044	0.045	0.044	0.039	0.103	0.070	0.108	0.066	0.045	0.045	0.044	0.040	0.105	0.071	0.110	0.072
0:59:43	21.3	0.045	0.044	0.044	0.044	0.043	0.044	0.044	0.044	0.046	0.049	0.045	0.044	0.044	0.044	0.044	0.046	0.045	0.044	0.044	0.043	0.043	0.043	0.045	0.043	0.044	0.044	0.044	0.039	0.107	0.071	0.113	0.075	0.044	0.045	0.044	0.039	0.107	0.070	0.111	0.069	0.045	0.045	0.044	0.040	0.109	0.070	0.113	0.075
1:14:43	21.7	0.045	0.044	0.044	0.044	0.043	0.044	0.044	0.044	0.046	0.049	0.045	0.044	0.044	0.044	0.044	0.046	0.045	0.044	0.044	0.044	0.043	0.043	0.045	0.043	0.044	0.044	0.044	0.039	0.111	0.070	0.116	0.079	0.044	0.045	0.044	0.039	0.110	0.069	0.115	0.072	0.045	0.045	0.044	0.040	0.112	0.070	0.116	0.079
1:29:43	22.1	0.045	0.044	0.044	0.044	0.043	0.044	0.044	0.044	0.046	0.049	0.045	0.044	0.044	0.044	0.044	0.046	0.045	0.044	0.044	0.043	0.043	0.043	0.045	0.043	0.044	0.044	0.044	0.039	0.115	0.070	0.120	0.083	0.044	0.045	0.044	0.039	0.114	0.068	0.119	0.076	0.045	0.045	0.044	0.040	0.116	0.070	0.120	0.083
1:44:43	22.4	0.045	0.044	0.044	0.044	0.043	0.044	0.044	0.044	0.046	0.049	0.045	0.044	0.044	0.044	0.044	0.046	0.045	0.044	0.044	0.043	0.043	0.043	0.045	0.043	0.044	0.044	0.044	0.039	0.119	0.069	0.125	0.088	0.044	0.045	0.044	0.039	0.118	0.068	0.124	0.081	0.045	0.045	0.044	0.040	0.120	0.076	0.125	0.088
1:59:43	22.6	0.045	0.044	0.044	0.044	0.043	0.044	0.044	0.044	0.046	0.049	0.045	0.044	0.044	0.044	0.044	0.046	0.045	0.044	0.044	0.044	0.043	0.043	0.045	0.043	0.044	0.044	0.044	0.039	0.124	0.069	0.131	0.094	0.044	0.045	0.044	0.039	0.123	0.067	0.130	0.087	0.045	0.045	0.044	0.040	0.126	0.075	0.131	0.094
2:14:43	22.8	0.045	0.044	0.044	0.044	0.043	0.044	0.044	0.044	0.047	0.049	0.045	0.044	0.044	0.045	0.044	0.046	0.046	0.044	0.045	0.044	0.043	0.043	0.045	0.043	0.044	0.044	0.044	0.039	0.130	0.079	0.138	0.101	0.044	0.045	0.044	0.039	0.128	0.077	0.136	0.093	0.045	0.045	0.044	0.040	0.131	0.087	0.138	0.100
2:29:43	23.0	0.045	0.044	0.044	0.044	0.043	0.044	0.044	0.044	0.046	0.049	0.045	0.044	0.044	0.044	0.044	0.046	0.046	0.044	0.045	0.043	0.043	0.043	0.045	0.043	0.045	0.044	0.044	0.039	0.136	0.068	0.146	0.109	0.044	0.045	0.044	0.039	0.134	0.074	0.144	0.100	0.045	0.045	0.044	0.040	0.137	0.068	0.145	0.108
2:44:43	23.2	0.045	0.043	0.044	0.044	0.043	0.044	0.044	0.044	0.046	0.049	0.045	0.044	0.044	0.044	0.044	0.045	0.045	0.044	0.044	0.043	0.043	0.043	0.045	0.043	0.044	0.043	0.044	0.039	0.142	0.077	0.154	0.118	0.044	0.045	0.044	0.039	0.140	0.084	0.152	0.109	0.045	0.045	0.044	0.040	0.143	0.068	0.153	0.117
2:59:43	23.3	0.045	0.044	0.044	0.044	0.043	0.044	0.044	0.044	0.046	0.049	0.045	0.044	0.044	0.044	0.044	0.046	0.045	0.044	0.044	0.043	0.043	0.043	0.045	0.043	0.044	0.044	0.044	0.039	0.149	0.068	0.164	0.128	0.044	0.045	0.044	0.039	0.146	0.066	0.161	0.118	0.045	0.045	0.044	0.040	0.149	0.076	0.162	0.127
3:14:43	23.4	0.045	0.044	0.044	0.044	0.043	0.044	0.044	0.044	0.047	0.049	0.045	0.044	0.044	0.044	0.044	0.046	0.045	0.044	0.045	0.043	0.043	0.043	0.045	0.043	0.044	0.044	0.044	0.039	0.154	0.072	0.175	0.140	0.044	0.045	0.044	0.039	0.152	0.079	0.171	0.129	0.045	0.045	0.044	0.040	0.156	0.075	0.172	0.138
3:29:43	23.5	0.045	0.044	0.044	0.044	0.043	0.044	0.044	0.044	0.046	0.049	0.045	0.044	0.044	0.044	0.044	0.046	0.046	0.044	0.044	0.044	0.043	0.043	0.045	0.043	0.044	0.044	0.044	0.039	0.163	0.080	0.185	0.153	0.044	0.045	0.044	0.039	0.160	0.078	0.182	0.142	0.045	0.045	0.044	0.040	0.163	0.072	0.183	0.150
3:44:43	23.6	0.045	0.044	0.044	0.044	0.043	0.044	0.044	0.044	0.046	0.049	0.045	0.044	0.044	0.045	0.044	0.046	0.046	0.044	0.045	0.044	0.043	0.043	0.045	0.043	0.044	0.044	0.044	0.039	0.169	0.068	0.197	0.167	0.044	0.045	0.044	0.039	0.166	0.073	0.193	0.155	0.045	0.045	0.044	0.040	0.170	0.083	0.194	0.164
3:59:43	23.7	0.045	0.044	0.044	0.044	0.043	0.044	0.044	0.044	0.046	0.049	0.045	0.044	0.044	0.044	0.044	0.045	0.045	0.044	0.044	0.043	0.043	0.043	0.045	0.043	0.044	0.044	0.044	0.039	0.177	0.074	0.207	0.183	0.044	0.045	0.044	0.039	0.173	0.081	0.204	0.169	0.045	0.045	0.044	0.040	0.177	0.080	0.205	0.179
4:14:43	23.7	0.045	0.044	0.044	0.044	0.043	0.044	0.044	0.044	0.046	0.049	0.045	0.044	0.044	0.045	0.044	0.046	0.045	0.044	0.044	0.043	0.043	0.043	0.045	0.043	0.044	0.044	0.044	0.039	0.186	0.085	0.219	0.200	0.044	0.045	0.044	0.039	0.181	0.068	0.216	0.185	0.045	0.045	0.044	0.040	0.185	0.073	0.216	0.195
4:29:43	23.8	0.045	0.044	0.044	0.044	0.043	0.044	0.044	0.044	0.046	0.049	0.045	0.044	0.044	0.044	0.044	0.045	0.045	0.044	0.044	0.043	0.043	0.043	0.045	0.043	0.044	0.044	0.044	0.039	0.197	0.077	0.235	0.220	0.044	0.045	0.044	0.039	0.191	0.067	0.230	0.203	0.045	0.045	0.044	0.040	0.195	0.077	0.231	0.213
4:44:43	23.9	0.045	0.044	0.044	0.044	0.043	0.044	0.044	0.044	0.046	0.049	0.045	0.044	0.044	0.044	0.044	0.046	0.045	0.044	0.044	0.043	0.043	0.043	0.045	0.043	0.044	0.044	0.044	0.039	0.206	0.099	0.254	0.241	0.044	0.045	0.044	0.039	0.202	0.093	0.250	0.224	0.045	0.045	0.044	0.040	0.203	0.083	0.250	0.234
4:59:43	23.9	0.045	0.044	0.044	0.044	0.043	0.044	0.044	0.044	0.046	0.049	0.045	0.044	0.044	0.044	0.044	0.046	0.045	0.044	0.044	0.043	0.043	0.043	0.045	0.043	0.044	0.044	0.044	0.039	0.215	0.073	0.279	0.267	0.044	0.045	0.044	0.039	0.210	0.070	0.273	0.246	0.045	0.045	0.044	0.040	0.213	0.081	0.274	0.256
5:14:43	23.9	0.045	0.044	0.044	0.044	0.043	0.044	0.044	0.044	0.046	0.049	0.045	0.044	0.044	0.044	0.044	0.046	0.045	0.044	0.045	0.043	0.043	0.043	0.045	0.043	0.044	0.044	0.044	0.039	0.223	0.089	0.309	0.297	0.044	0.045	0.044	0.039	0.219	0.078	0.302	0.274	0.045	0.045	0.044	0.040	0.220	0.095	0.303	0.282
5:29:43	24.0	0.045	0.044	0.044	0.044	0.043	0.044	0.044	0.044	0.046	0.049	0.045	0.044	0.044	0.044	0.044	0.045	0.045	0.044	0.044	0.043	0.043	0.043	0.045	0.043	0.044	0.044	0.044	0.039	0.229	0.094	0.344	0.333	0.044	0.045	0.044	0.039	0.226	0.085	0.336	0.306	0.045	0.045	0.044	0.040	0.229	0.084	0.336	0.314
5:44:43	24.0	0.045	0.044	0.044	0.044	0.043	0.044	0.044	0.044	0.046	0.049	0.045	0.044	0.044	0.044	0.044	0.045	0.045	0.044	0.044	0.043	0.043	0.043	0.045	0.043	0.044	0.044	0.044	0.039	0.236	0.096	0.375	0.375	0.044	0.045	0.044	0.039	0.237	0.088	0.370	0.344	0.045	0.045	0.044	0.040	0.237	0.091	0.368	0.350
5:59:43	24.0	0.045	0.044	0.044	0.044	0.043	0.044	0.044	0.044	0.046	0.049	0.045	0.044	0.044	0.044	0.044	0.046	0.045	0.044	0.044	0.043	0.043	0.043	0.045	0.043	0.044	0.044	0.044	0.039	0.245	0.093	0.419	0.421	0.044	0.045	0.044	0.039	0.246	0.092	0.408	0.387	0.045	0.045	0.044	0.040	0.247	0.092	0.407	0.392
6:14:43	24.0	0.045	0.044	0.044	0.044	0.043	0.044	0.044	0.044	0.047	0.049	0.045	0.044	0.044	0.044	0.044	0.046	0.045	0.044	0.045	0.043	0.043	0.043	0.045	0.043	0.044	0.044	0.044	0.039	0.254	0.096	0.450	0.477	0.044	0.045	0.044	0.039	0.256	0.094	0.446	0.436	0.045	0.045	0.044	0.040	0.255	0.081	0.441	0.432
6:29:43	24.0	0.045	0.044	0.044	0.044	0.043	0.044	0.044	0.044	0.046	0.049	0.045	0.044	0.044	0.045	0.044	0.046	0.046	0.044	0.044	0.044	0.043	0.043	0.045	0.043	0.044	0.044	0.044	0.039	0.263	0.094	0.483	0.529	0.044	0.045	0.044	0.039	0.265	0.101	0.484	0.488	0.045	0.045	0.044	0.040	0.267	0.097	0.477	0.479
6:44:43	24.0	0.045	0.044	0.044	0.044	0.043	0.044	0.044	0.044	0.046	0.049	0.045	0.044	0.044	0.044	0.044	0.045	0.045	0.044	0.044	0.043	0.043	0.043	0.045	0.043	0.044	0.044	0.044	0.039	0.274	0.110	0.511	0.582	0.044	0.045	0.044	0.039	0.274	0.106	0.507	0.536	0.045	0.045	0.044	0.040	0.277	0.095	0.499	0.518
6:59:43	24.0	0.045	0.044	0.044	0.044	0.043	0.044	0.044	0.044	0.046	0.049	0.045	0.044	0.044	0.044	0.044	0.046	0.045	0.044	0.044	0.044	0.043	0.043	0.045	0.043	0.044	0.044	0.044	0.039	0.284	0.101	0.545	0.623	0.044	0.045	0.044	0.039	0.283	0.102	0.540	0.582	0.045	0.045	0.044	0.040	0.289	0.099	0.531	0.552
7:14:43	24.0	0.045	0.044	0.044	0.044	0.043	0.044	0.044	0.044	0.046	0.049	0.045	0.044	0.044	0.044	0.044	0.046	0.045	0.044	0.044	0.044	0.043	0.043	0.045	0.043	0.044	0.044	0.044	0.039	0.293	0.105	0.576	0.655	0.044	0.045	0.044	0.039	0.293	0.115	0.573	0.617	0.045	0.045	0.044	0.040	0.302	0.105	0.565	0.577
7:29:43	24.0	0.045	0.044	0.044	0.044	0.043	0.044	0.044	0.044	0.046	0.049	0.045	0.044	0.044	0.044	0.044	0.046	0.045	0.044	0.044	0.043	0.043	0.043	0.045	0.043	0.044	0.044	0.044	0.039	0.307	0.111	0.603	0.681	0.044	0.045	0.044	0.039	0.306	0.098	0.602	0.645	0.045	0.045	0.044	0.040	0.312	0.106	0.594	0.600
7:44:43	23.9	0.045	0.044	0.044	0.044	0.043	0.044	0.044	0.044	0.047	0.049	0.045	0.044	0.044	0.044	0.044	0.046	0.045	0.044	0.044	0.043	0.043	0.043	0.045	0.043	0.044	0.044	0.044	0.039	0.320	0.115	0.633	0.706	0.044	0.045	0.044	0.039	0.318	0.114	0.632	0.669	0.045	0.045	0.044	0.040	0.324	0.124	0.623	0.625
7:59:43	23.9	0.045	0.044	0.044	0.044	0.043	0.044	0.044	0.044	0.046	0.049	0.045	0.044	0.044	0.044	0.044	0.045	0.045	0.044	0.044	0.043	0.043	0.043	0.045	0.043	0.044	0.044	0.044	0.039	0.335	0.122	0.657	0.731	0.044	0.045	0.044	0.039	0.331	0.119	0.659	0.697	0.045	0.045	0.044	0.040	0.336	0.122	0.650	0.646
8:14:43	23.9	0.045	0.044	0.044	0.044	0.043	0.044	0.044	0.044	0.046	0.049	0.045	0.044	0.044	0.044	0.044	0.046	0.046	0.044	0.044	0.043	0.043	0.043	0.045	0.043	0.044	0.044	0.044	0.039	0.351	0.127	0.671	0.754	0.044	0.045	0.044	0.039	0.346	0.128	0.674	0.717	0.045	0.045	0.044	0.040	0.352	0.124	0.666	0.663
8:29:43	23.9	0.045	0.044	0.044	0.044	0.043	0.044	0.044	0.044	0.046	0.049	0.045	0.044	0.044	0.044	0.044	0.046	0.045	0.044	0.044	0.044	0.043	0.043	0.045	0.043	0.044	0.044	0.044	0.039	0.366	0.135	0.689	0.777	0.044	0.045	0.044	0.039	0.360	0.133	0.691	0.741	0.045	0.045	0.044	0.040	0.363	0.129	0.683	0.686
8:44:43	23.9	0.045	0.044	0.044	0.044	0.043	0.044	0.044	0.044	0.046	0.049	0.045	0.044	0.044	0.044	0.044	0.046	0.045	0.044	0.044	0.044	0.043	0.043	0.045	0.043	0.044	0.044	0.044	0.039	0.377	0.138	0.710	0.797	0.044	0.045	0.044	0.039	0.375	0.135	0.710	0.765	0.045	0.045	0.044	0.040	0.378	0.134	0.702	0.705
8:59:43	23.9	0.045	0.044	0.044	0.044	0.043	0.044	0.044	0.044	0.046	0.049	0.045	0.044	0.044	0.044	0.044	0.045	0.045	0.044	0.044	0.043	0.043	0.043	0.045	0.043	0.044	0.044	0.044	0.039	0.394	0.143	0.726	0.815	0.044	0.045	0.044	0.039	0.390	0.140	0.726	0.784	0.045	0.045	0.044	0.040	0.394	0.139	0.719	0.723
9:14:43	23.8	0.045	0.044	0.044	0.044	0.043	0.044	0.044	0.044	0.046	0.049	0.045	0.044	0.044	0.044	0.044	0.046	0.045	0.044	0.044	0.044	0.043	0.043	0.045	0.043	0.044	0.044	0.044	0.039	0.409	0.147	0.736	0.828	0.044	0.045	0.044	0.039	0.404	0.145	0.739	0.803	0.045	0.045	0.044	0.040	0.407	0.152	0.732	0.740
9:29:43	23.8	0.045	0.044	0.044	0.044	0.043	0.044	0.044	0.044	0.047	0.049	0.045	0.044	0.044	0.045	0.044	0.046	0.045	0.044	0.045	0.043	0.043	0.043	0.045	0.043	0.044	0.044	0.044	0.039	0.422	0.152	0.746	0.833	0.044	0.045	0.044	0.039	0.416	0.152	0.749	0.812	0.045	0.045	0.044	0.040	0.424	0.150	0.745	0.747
9:44:43	23.8	0.045	0.044	0.044	0.044	0.043	0.044	0.044	0.044	0.047	0.049	0.045	0.044	0.044	0.044	0.044	0.046	0.045	0.044	0.045	0.044	0.043	0.043	0.045	0.043	0.045	0.044	0.044	0.039	0.435	0.157	0.757	0.844	0.044	0.045	0.044	0.039	0.429	0.157	0.760	0.823	0.045	0.045	0.044	0.040	0.441	0.157	0.756	0.753
9:59:43	23.8	0.045	0.044	0.044	0.044	0.043	0.044	0.044	0.044	0.047	0.049	0.045	0.044	0.044	0.045	0.044	0.046	0.046	0.044	0.044	0.043	0.043	0.043	0.045	0.043	0.044	0.044	0.044	0.039	0.447	0.164	0.769	0.851	0.044	0.045	0.044	0.039	0.443	0.163	0.772	0.835	0.045	0.045	0.044	0.040	0.451	0.162	0.769	0.758
10:14:43	23.8	0.045	0.044	0.044	0.044	0.043	0.044	0.044	0.044	0.047	0.049	0.045	0.044	0.044	0.044	0.044	0.046	0.045	0.044	0.044	0.044	0.043	0.043	0.045	0.043	0.044	0.044	0.044	0.039	0.462	0.172	0.780	0.856	0.044	0.045	0.044	0.039	0.461	0.169	0.783	0.840	0.045	0.045	0.044	0.040	0.465	0.170	0.781	0.763
10:29:43	23.9	0.045	0.044	0.044	0.044	0.043	0.044	0.044	0.044	0.047	0.050	0.045	0.044	0.044	0.044	0.044	0.046	0.045	0.044	0.044	0.044	0.043	0.043	0.045	0.043	0.044	0.044	0.044	0.039	0.476	0.181	0.790	0.862	0.044	0.045	0.044	0.039	0.472	0.177	0.794	0.846	0.045	0.045	0.044	0.040	0.476	0.175	0.791	0.763
10:44:43	23.9	0.045	0.044	0.044	0.044	0.043	0.044	0.044	0.044	0.046	0.049	0.045	0.044	0.044	0.044	0.044	0.046	0.045	0.044	0.044	0.044	0.043	0.043	0.045	0.043	0.044	0.044	0.044	0.039	0.492	0.190	0.800	0.868	0.044	0.045	0.044	0.039	0.486	0.185	0.804	0.853	0.045	0.045	0.044	0.040	0.491	0.184	0.803	0.762
10:59:43	23.9	0.045	0.044	0.044	0.044	0.043	0.044	0.044	0.044	0.047	0.049	0.045	0.044	0.044	0.044	0.044	0.046	0.045	0.044	0.044	0.043	0.043	0.043	0.045	0.043	0.044	0.044	0.044	0.039	0.504	0.200	0.809	0.873	0.044	0.045	0.044	0.039	0.497	0.193	0.814	0.859	0.045	0.045	0.044	0.040	0.505	0.190	0.812	0.761
11:14:43	23.9	0.045	0.044	0.044	0.044	0.043	0.044	0.044	0.044	0.046	0.049	0.045	0.044	0.044	0.044	0.044	0.046	0.045	0.044	0.044	0.044	0.043	0.043	0.045	0.043	0.044	0.044	0.044	0.039	0.515	0.210	0.818	0.871	0.044	0.045	0.044	0.039	0.508	0.202	0.824	0.862	0.045	0.045	0.044	0.040	0.515	0.199	0.822	0.759
11:29:43	23.9	0.045	0.044	0.044	0.044	0.043	0.044	0.044	0.044	0.046	0.049	0.045	0.044	0.044	0.044	0.044	0.045	0.045	0.044	0.044	0.043	0.043	0.043	0.045	0.043	0.044	0.044	0.044	0.039	0.524	0.218	0.827	0.871	0.044	0.045	0.044	0.039	0.517	0.210	0.833	0.860	0.045	0.045	0.044	0.040	0.526	0.208	0.832	0.755
11:44:43	24.0	0.045	0.044	0.044	0.044	0.043	0.044	0.044	0.044	0.047	0.049	0.045	0.044	0.044	0.045	0.044	0.046	0.046	0.044	0.044	0.044	0.043	0.043	0.045	0.043	0.044	0.044	0.044	0.039	0.534	0.227	0.836	0.868	0.044	0.045	0.044	0.039	0.528	0.218	0.843	0.859	0.045	0.045	0.044	0.040	0.538	0.220	0.840	0.749
11:59:43	24.0	0.045	0.044	0.044	0.044	0.043	0.044	0.044	0.044	0.046	0.049	0.045	0.044	0.044	0.044	0.044	0.045	0.045	0.044	0.044	0.043	0.043	0.043	0.045	0.043	0.044	0.044	0.044	0.039	0.544	0.237	0.851	0.862	0.044	0.045	0.044	0.039	0.538	0.228	0.853	0.853	0.045	0.045	0.044	0.040	0.547	0.227	0.852	0.745
12:14:4324.0	0.045	0.044	0.044	0.044	0.043	0.044	0.044	0.044	0.046	0.049	0.045	0.044	0.044	0.044	0.044	0.045	0.045	0.044	0.044	0.043	0.043	0.043	0.045	0.043	0.044	0.044	0.044	0.039	0.553	0.248	0.868	0.857	0.044	0.045	0.044	0.039	0.547	0.237	0.872	0.849	0.045	0.045	0.044	0.040	0.557	0.236	0.871	0.739

Results
	1	2	3	4	5	6	7	8
A	-0.013	-0.013	-0.013	-0.013	0.013	-0.013	-0.013	-0.013	Max V [600]
	1.000	1.000	1.000	1.000	1.000	1.000	1.000	1.000	R-Squared [600]
	0:37:13	2:22:13	3:52:13	2:37:13	10:37:13	7:52:13	2:37:13	7:52:13	t at Max V [600]
	0:37:13	2:22:13	3:44:43	2:37:13	10:37:13	7:44:43	2:44:43	7:37:13	Lagtime [600]
B	0.013	0.020	-0.013	-0.020	-0.020	-0.013	-0.020	-0.013	Max V [600]
	1.000	1.000	1.000	1.000	1.000	1.000	1.000	1.000	R-Squared [600]
	7:37:13	5:07:13	2:37:13	0:37:13	11:52:13	2:37:13	7:52:13	7:52:13	t at Max V [600]
	7:29:43	5:14:43	2:37:13	0:39:43	11:49:43	2:29:43	7:49:43	7:44:43	Lagtime [600]
C	-0.013	-0.013	0.020	0.013	0.020	-0.020	-0.013	-0.013	Max V [600]
	1.000	1.000	1.000	1.000	1.000	1.000	1.000	1.000	R-Squared [600]
	0:22:13	11:22:13	5:07:13	11:37:13	5:07:13	2:37:13	6:37:13	10:52:13	t at Max V [600]
	0:14:43	11:22:13	5:09:43	11:44:43	5:09:43	2:39:43	6:29:43	10:59:43	Lagtime [600]
D	0.013	-0.027	-0.020	0.020	1.147	-1.707	2.947	3.707	Max V [600]
	1.000	1.000	1.000	1.000	1.000	1.000	1.000	1.000	R-Squared [600]
	9:07:13	2:37:13	11:52:13	0:22:13	8:52:13	4:52:13	5:52:13	6:07:13	t at Max V [600]
	9:14:43	2:29:43	11:44:43	0:14:43	4:40:48	4:59:25	4:13:28	4:23:57	Lagtime [600]
E	-0.013	0.013	-0.013	-0.020	1.200	1.713	2.580	3.447	Max V [600]
	1.000	1.000	1.000	1.000	1.000	1.000	1.000	1.000	R-Squared [600]
	11:52:13	8:07:13	2:37:13	0:22:13	10:07:13	4:37:13	5:52:13	6:22:13	t at Max V [600]
	11:44:43	8:07:13	2:37:13	0:14:43	5:12:53	4:32:31	4:02:00	4:25:55	Lagtime [600]
F	-0.020	-0.020	-0.013	0.027	1.167	-1.240	2.553	3.120	Max V [600]
	1.000	1.000	1.000	1.000	1.000	1.000	1.000	1.000	R-Squared [600]
	2:37:13	2:37:13	2:37:13	0:22:13	9:37:13	2:22:13	5:52:13	6:22:13	t at Max V [600]
	2:34:43	2:34:43	2:29:43	0:14:43	4:51:19	2:24:48	4:01:50	4:17:42	Lagtime [600]

