

Software Version	2.01.14



Experiment File Path:	C:\Users\Public\Documents\Experiments\Rachel\20150624_Plate1_RNF.xpt
Protocol File Path:	



Plate Number	Plate 1
Date	6/24/2015
Time	3:35:49 PM
Reader Type:	Synergy Mx
Reader Serial Number:	219512
Reading Type	Reader

Procedure Details

Plate Type	CellStar 48
Set Temperature	Incubator off
Start Kinetic	Runtime 14:00:00 (HH:MM:SS), Interval 0:15:00, 57 Reads
    Shake	Slow, Continuous
    Read	Absorbance Endpoint
	Full Plate
	Wavelengths:  600
	Read Speed: Normal,  Delay: 100 msec,  Measurements/Data Point: 8
End Kinetic	

600

Time	T° 600	A1	A2	A3	A4	A5	A6	A7	A8	B1	B2	B3	B4	B5	B6	B7	B8	C1	C2	C3	C4	C5	C6	C7	C8	D1	D2	D3	D4	D5	D6	D7	D8	E1	E2	E3	E4	E5	E6	E7	E8	F1	F2	F3	F4	F5	F6	F7	F8
0:14:43	24.0	0.094	0.075	0.090	0.070	0.068	0.073	0.072	0.093	0.075	0.087	0.101	0.069	0.069	0.076	0.069	0.096	0.109	0.115	0.101	0.077	0.065	0.073	0.064	0.084	0.112	0.116	0.121	0.109	0.112	0.097	0.114	0.039	0.124	0.115	0.110	0.057	0.112	0.091	0.098	0.039	0.113	0.112	0.124	0.105	0.107	0.094	0.110	0.040
0:29:43	24.0	0.105	0.089	0.104	0.072	0.066	0.077	0.071	0.098	0.076	0.087	0.107	0.071	0.068	0.077	0.069	0.102	0.112	0.113	0.105	0.079	0.065	0.075	0.064	0.085	0.113	0.118	0.125	0.112	0.114	0.101	0.122	0.040	0.126	0.117	0.119	0.058	0.114	0.096	0.102	0.039	0.116	0.114	0.129	0.108	0.110	0.099	0.113	0.040
0:44:43	24.1	0.111	0.093	0.110	0.074	0.067	0.079	0.073	0.104	0.080	0.096	0.115	0.074	0.068	0.080	0.069	0.107	0.118	0.125	0.111	0.082	0.066	0.078	0.065	0.090	0.120	0.124	0.134	0.118	0.118	0.105	0.127	0.040	0.132	0.122	0.129	0.059	0.118	0.099	0.106	0.039	0.122	0.122	0.139	0.115	0.114	0.102	0.117	0.040
0:59:43	24.1	0.116	0.098	0.118	0.078	0.070	0.084	0.075	0.111	0.083	0.101	0.121	0.076	0.069	0.085	0.070	0.114	0.125	0.132	0.119	0.086	0.068	0.081	0.066	0.095	0.128	0.131	0.146	0.126	0.123	0.111	0.133	0.040	0.141	0.129	0.143	0.061	0.124	0.104	0.111	0.039	0.130	0.129	0.152	0.123	0.120	0.108	0.123	0.040
1:14:43	24.1	0.124	0.103	0.126	0.081	0.074	0.087	0.079	0.117	0.087	0.106	0.129	0.079	0.072	0.089	0.071	0.120	0.135	0.141	0.125	0.089	0.070	0.088	0.069	0.100	0.137	0.141	0.162	0.136	0.130	0.116	0.139	0.040	0.152	0.137	0.158	0.064	0.130	0.109	0.117	0.039	0.140	0.138	0.168	0.132	0.127	0.113	0.129	0.040
1:29:43	24.1	0.134	0.111	0.136	0.084	0.077	0.094	0.083	0.124	0.094	0.114	0.142	0.082	0.075	0.092	0.074	0.127	0.145	0.150	0.137	0.092	0.073	0.090	0.071	0.107	0.148	0.154	0.180	0.147	0.140	0.123	0.146	0.040	0.168	0.149	0.177	0.067	0.140	0.115	0.124	0.039	0.151	0.150	0.188	0.142	0.136	0.119	0.135	0.040
1:44:43	24.1	0.145	0.121	0.145	0.088	0.081	0.096	0.090	0.133	0.099	0.131	0.148	0.086	0.079	0.096	0.077	0.135	0.159	0.162	0.143	0.095	0.077	0.095	0.075	0.113	0.166	0.173	0.203	0.164	0.154	0.130	0.154	0.040	0.190	0.166	0.199	0.071	0.153	0.121	0.131	0.039	0.168	0.168	0.211	0.157	0.149	0.126	0.143	0.040
1:59:43	24.1	0.158	0.131	0.156	0.092	0.085	0.101	0.095	0.142	0.107	0.135	0.159	0.089	0.082	0.100	0.081	0.142	0.175	0.173	0.154	0.099	0.081	0.100	0.082	0.121	0.191	0.198	0.230	0.187	0.174	0.138	0.162	0.040	0.218	0.189	0.225	0.075	0.171	0.128	0.139	0.039	0.192	0.192	0.239	0.179	0.167	0.134	0.150	0.040
2:14:43	24.1	0.175	0.141	0.167	0.096	0.093	0.107	0.107	0.149	0.114	0.148	0.179	0.093	0.087	0.104	0.085	0.151	0.199	0.192	0.163	0.104	0.086	0.104	0.084	0.130	0.222	0.229	0.261	0.218	0.199	0.146	0.170	0.040	0.251	0.218	0.254	0.079	0.194	0.136	0.147	0.039	0.221	0.223	0.272	0.208	0.191	0.141	0.159	0.040
2:29:43	24.1	0.197	0.152	0.181	0.100	0.101	0.110	0.108	0.158	0.122	0.156	0.190	0.097	0.094	0.107	0.094	0.161	0.226	0.209	0.180	0.108	0.093	0.112	0.089	0.146	0.260	0.267	0.299	0.254	0.228	0.154	0.179	0.040	0.290	0.254	0.286	0.084	0.223	0.143	0.156	0.039	0.256	0.260	0.310	0.242	0.219	0.150	0.168	0.040
2:44:43	24.0	0.225	0.168	0.196	0.104	0.108	0.124	0.121	0.175	0.132	0.171	0.209	0.101	0.101	0.116	0.098	0.171	0.259	0.231	0.195	0.113	0.100	0.112	0.098	0.140	0.304	0.311	0.342	0.298	0.262	0.163	0.189	0.040	0.335	0.298	0.325	0.090	0.257	0.152	0.165	0.039	0.297	0.305	0.353	0.285	0.252	0.159	0.178	0.040
2:59:43	24.0	0.258	0.181	0.213	0.109	0.115	0.137	0.131	0.191	0.145	0.190	0.230	0.106	0.112	0.119	0.106	0.190	0.296	0.255	0.214	0.118	0.105	0.119	0.103	0.152	0.357	0.366	0.391	0.352	0.305	0.172	0.200	0.040	0.392	0.350	0.367	0.100	0.297	0.161	0.175	0.039	0.347	0.358	0.400	0.335	0.291	0.168	0.188	0.040
3:14:43	24.1	0.297	0.195	0.235	0.114	0.124	0.124	0.147	0.212	0.160	0.208	0.255	0.111	0.116	0.130	0.114	0.207	0.343	0.288	0.238	0.124	0.124	0.142	0.110	0.181	0.428	0.440	0.448	0.424	0.360	0.183	0.210	0.040	0.462	0.420	0.391	0.112	0.349	0.172	0.186	0.039	0.412	0.428	0.449	0.401	0.343	0.178	0.199	0.040
3:29:43	24.0	0.348	0.213	0.258	0.118	0.149	0.158	0.162	0.222	0.179	0.228	0.277	0.116	0.142	0.136	0.130	0.218	0.411	0.321	0.261	0.129	0.135	0.136	0.125	0.188	0.507	0.515	0.497	0.501	0.429	0.194	0.222	0.040	0.525	0.498	0.418	0.129	0.415	0.182	0.197	0.039	0.483	0.503	0.502	0.476	0.411	0.189	0.211	0.040
3:44:43	24.0	0.409	0.234	0.285	0.125	0.162	0.171	0.178	0.228	0.203	0.254	0.314	0.120	0.154	0.156	0.142	0.234	0.488	0.367	0.289	0.135	0.145	0.148	0.142	0.209	0.570	0.578	0.547	0.569	0.501	0.206	0.235	0.040	0.568	0.566	0.458	0.150	0.490	0.193	0.209	0.039	0.550	0.569	0.552	0.547	0.482	0.201	0.224	0.040
3:59:43	24.0	0.472	0.255	0.309	0.129	0.198	0.180	0.223	0.248	0.231	0.283	0.341	0.127	0.169	0.175	0.176	0.266	0.557	0.398	0.322	0.141	0.165	0.169	0.161	0.226	0.624	0.619	0.594	0.617	0.555	0.220	0.249	0.040	0.608	0.611	0.486	0.176	0.551	0.205	0.222	0.039	0.598	0.613	0.598	0.604	0.537	0.214	0.238	0.040
4:14:43	24.0	0.543	0.273	0.334	0.134	0.204	0.202	0.237	0.278	0.266	0.312	0.381	0.132	0.193	0.220	0.202	0.272	0.601	0.437	0.352	0.148	0.209	0.190	0.177	0.245	0.655	0.655	0.630	0.657	0.604	0.233	0.264	0.040	0.649	0.649	0.517	0.209	0.599	0.218	0.236	0.039	0.631	0.648	0.630	0.640	0.583	0.227	0.253	0.040
4:29:43	24.0	0.585	0.294	0.371	0.142	0.249	0.215	0.267	0.285	0.304	0.338	0.422	0.139	0.224	0.214	0.206	0.306	0.637	0.463	0.395	0.156	0.214	0.214	0.208	0.260	0.690	0.691	0.667	0.697	0.652	0.248	0.279	0.040	0.694	0.692	0.536	0.248	0.644	0.232	0.252	0.039	0.669	0.687	0.664	0.676	0.627	0.242	0.269	0.040
4:44:43	23.9	0.629	0.315	0.415	0.148	0.261	0.226	0.289	0.292	0.347	0.362	0.476	0.145	0.260	0.234	0.242	0.304	0.672	0.501	0.436	0.162	0.255	0.220	0.234	0.291	0.728	0.729	0.695	0.734	0.692	0.264	0.296	0.040	0.723	0.728	0.544	0.294	0.685	0.247	0.268	0.039	0.709	0.726	0.700	0.715	0.667	0.258	0.285	0.040
4:59:43	23.9	0.670	0.355	0.443	0.156	0.302	0.246	0.320	0.300	0.402	0.396	0.503	0.152	0.267	0.239	0.296	0.321	0.708	0.539	0.476	0.172	0.285	0.246	0.258	0.305	0.766	0.758	0.717	0.763	0.731	0.281	0.313	0.040	0.749	0.761	0.556	0.353	0.726	0.263	0.284	0.039	0.748	0.762	0.727	0.752	0.705	0.274	0.303	0.040
5:14:43	23.9	0.708	0.378	0.442	0.162	0.340	0.264	0.332	0.314	0.466	0.440	0.538	0.159	0.304	0.271	0.305	0.342	0.763	0.569	0.511	0.180	0.294	0.264	0.289	0.299	0.790	0.786	0.741	0.791	0.762	0.298	0.332	0.040	0.774	0.789	0.565	0.416	0.763	0.279	0.302	0.039	0.773	0.790	0.748	0.780	0.743	0.292	0.321	0.040
5:29:43	23.9	0.754	0.385	0.464	0.169	0.331	0.296	0.384	0.335	0.509	0.464	0.573	0.167	0.306	0.286	0.320	0.348	0.760	0.593	0.547	0.189	0.317	0.286	0.311	0.313	0.815	0.808	0.768	0.816	0.789	0.317	0.351	0.040	0.794	0.817	0.569	0.476	0.790	0.296	0.322	0.039	0.800	0.817	0.774	0.804	0.775	0.310	0.341	0.040
5:44:43	23.9	0.796	0.404	0.505	0.177	0.378	0.319	0.369	0.351	0.549	0.496	0.613	0.175	0.331	0.297	0.326	0.367	0.806	0.620	0.566	0.198	0.355	0.275	0.329	0.326	0.838	0.831	0.790	0.841	0.815	0.337	0.372	0.040	0.815	0.838	0.573	0.524	0.817	0.315	0.343	0.039	0.823	0.840	0.793	0.828	0.796	0.329	0.362	0.040
5:59:43	23.9	0.850	0.423	0.541	0.185	0.350	0.289	0.403	0.377	0.595	0.543	0.650	0.184	0.334	0.299	0.350	0.392	0.820	0.650	0.600	0.205	0.341	0.308	0.359	0.344	0.859	0.848	0.806	0.860	0.836	0.358	0.396	0.040	0.829	0.859	0.576	0.573	0.846	0.335	0.365	0.039	0.846	0.862	0.815	0.848	0.819	0.350	0.385	0.040
6:14:43	23.9	0.870	0.470	0.586	0.193	0.370	0.290	0.416	0.391	0.643	0.580	0.690	0.191	0.356	0.307	0.372	0.394	0.853	0.677	0.639	0.214	0.375	0.311	0.389	0.375	0.872	0.863	0.827	0.878	0.856	0.381	0.420	0.040	0.848	0.876	0.575	0.615	0.866	0.357	0.389	0.039	0.861	0.881	0.833	0.861	0.841	0.372	0.410	0.040
6:29:43	23.9	0.890	0.506	0.624	0.205	0.401	0.304	0.437	0.394	0.683	0.611	0.724	0.202	0.365	0.303	0.391	0.416	0.880	0.710	0.669	0.222	0.397	0.307	0.403	0.393	0.888	0.874	0.843	0.891	0.870	0.406	0.446	0.040	0.861	0.887	0.573	0.653	0.880	0.381	0.415	0.039	0.875	0.894	0.857	0.881	0.858	0.396	0.436	0.040
6:44:43	24.0	0.882	0.541	0.661	0.217	0.435	0.307	0.462	0.419	0.740	0.638	0.749	0.211	0.390	0.308	0.411	0.423	0.883	0.739	0.704	0.234	0.415	0.315	0.431	0.406	0.900	0.891	0.852	0.898	0.889	0.432	0.474	0.040	0.869	0.895	0.570	0.685	0.898	0.406	0.442	0.039	0.884	0.901	0.864	0.896	0.876	0.422	0.463	0.040
6:59:43	24.0	0.891	0.585	0.695	0.227	0.448	0.314	0.473	0.428	0.751	0.666	0.768	0.220	0.422	0.318	0.432	0.438	0.905	0.763	0.732	0.246	0.446	0.317	0.445	0.420	0.909	0.901	0.861	0.919	0.900	0.460	0.502	0.040	0.871	0.919	0.569	0.716	0.908	0.432	0.471	0.039	0.908	0.924	0.877	0.906	0.883	0.449	0.492	0.040
7:14:43	23.9	0.896	0.633	0.728	0.238	0.450	0.317	0.484	0.456	0.769	0.699	0.791	0.228	0.439	0.326	0.446	0.464	0.918	0.793	0.755	0.255	0.457	0.354	0.473	0.440	0.930	0.907	0.880	0.925	0.917	0.489	0.532	0.040	0.869	0.925	0.568	0.743	0.927	0.460	0.500	0.039	0.920	0.931	0.883	0.929	0.909	0.478	0.521	0.040
7:29:43	23.9	0.892	0.676	0.759	0.249	0.464	0.349	0.494	0.486	0.805	0.723	0.814	0.238	0.447	0.348	0.457	0.491	0.919	0.819	0.784	0.268	0.460	0.351	0.478	0.462	0.936	0.908	0.878	0.929	0.919	0.518	0.562	0.040	0.870	0.931	0.566	0.767	0.933	0.489	0.531	0.039	0.927	0.938	0.884	0.933	0.917	0.508	0.551	0.040
7:44:43	23.9	0.891	0.714	0.784	0.260	0.481	0.335	0.510	0.519	0.826	0.749	0.827	0.249	0.475	0.344	0.469	0.531	0.920	0.848	0.813	0.281	0.493	0.340	0.500	0.477	0.942	0.908	0.880	0.929	0.920	0.548	0.593	0.040	0.874	0.932	0.564	0.784	0.934	0.519	0.562	0.039	0.927	0.938	0.885	0.935	0.919	0.537	0.582	0.040
7:59:43	23.9	0.891	0.742	0.807	0.273	0.495	0.337	0.529	0.556	0.832	0.781	0.846	0.261	0.486	0.335	0.480	0.578	0.922	0.872	0.836	0.294	0.507	0.325	0.515	0.511	0.941	0.907	0.883	0.930	0.919	0.579	0.624	0.040	0.879	0.931	0.565	0.792	0.934	0.548	0.594	0.039	0.927	0.937	0.887	0.935	0.920	0.568	0.614	0.040
8:14:43	23.8	0.894	0.775	0.824	0.286	0.513	0.334	0.539	0.616	0.858	0.810	0.852	0.273	0.504	0.295	0.497	0.618	0.922	0.879	0.859	0.308	0.521	0.291	0.532	0.545	0.940	0.909	0.882	0.929	0.919	0.610	0.655	0.040	0.883	0.930	0.565	0.811	0.934	0.579	0.626	0.039	0.927	0.936	0.888	0.934	0.920	0.600	0.646	0.040
8:29:43	23.8	0.891	0.803	0.825	0.301	0.537	0.311	0.560	0.642	0.867	0.835	0.854	0.285	0.514	0.296	0.506	0.643	0.918	0.879	0.863	0.322	0.535	0.274	0.549	0.599	0.940	0.914	0.882	0.930	0.917	0.641	0.688	0.040	0.886	0.934	0.569	0.833	0.932	0.610	0.658	0.039	0.927	0.938	0.888	0.934	0.920	0.632	0.678	0.040
8:44:43	23.8	0.880	0.833	0.825	0.314	0.564	0.299	0.595	0.673	0.875	0.859	0.853	0.297	0.533	0.298	0.524	0.670	0.916	0.873	0.861	0.335	0.558	0.266	0.565	0.641	0.941	0.918	0.882	0.935	0.917	0.674	0.720	0.040	0.893	0.939	0.569	0.840	0.931	0.641	0.691	0.039	0.932	0.943	0.888	0.937	0.919	0.664	0.710	0.040
8:59:43	23.8	0.889	0.844	0.824	0.328	0.585	0.290	0.615	0.705	0.873	0.870	0.851	0.308	0.565	0.298	0.555	0.699	0.917	0.870	0.860	0.349	0.588	0.288	0.599	0.671	0.947	0.919	0.882	0.938	0.921	0.709	0.750	0.040	0.895	0.942	0.571	0.843	0.935	0.673	0.723	0.039	0.937	0.946	0.888	0.942	0.922	0.696	0.735	0.040
9:14:43	23.8	0.895	0.844	0.822	0.342	0.636	0.294	0.676	0.731	0.873	0.868	0.849	0.320	0.596	0.299	0.585	0.729	0.919	0.865	0.857	0.363	0.632	0.297	0.621	0.702	0.951	0.920	0.884	0.941	0.926	0.735	0.769	0.040	0.893	0.943	0.568	0.843	0.940	0.706	0.746	0.039	0.941	0.948	0.892	0.945	0.928	0.728	0.755	0.040
9:29:43	23.8	0.893	0.836	0.819	0.355	0.678	0.320	0.726	0.778	0.879	0.863	0.847	0.331	0.650	0.295	0.643	0.784	0.923	0.862	0.856	0.376	0.688	0.284	0.677	0.726	0.954	0.926	0.887	0.945	0.934	0.754	0.785	0.040	0.892	0.947	0.569	0.842	0.945	0.735	0.765	0.039	0.946	0.950	0.894	0.949	0.935	0.752	0.770	0.040
9:44:43	23.8	0.895	0.830	0.817	0.368	0.712	0.291	0.760	0.809	0.876	0.857	0.843	0.342	0.691	0.317	0.686	0.814	0.926	0.859	0.852	0.388	0.725	0.306	0.727	0.761	0.960	0.927	0.888	0.951	0.944	0.771	0.800	0.040	0.889	0.952	0.568	0.841	0.951	0.754	0.782	0.039	0.950	0.955	0.895	0.954	0.944	0.772	0.782	0.040
9:59:43	23.7	0.904	0.827	0.816	0.381	0.739	0.290	0.786	0.820	0.869	0.852	0.837	0.353	0.720	0.339	0.713	0.825	0.919	0.857	0.848	0.402	0.750	0.331	0.758	0.805	0.963	0.926	0.889	0.951	0.946	0.786	0.814	0.040	0.886	0.953	0.565	0.840	0.955	0.771	0.795	0.039	0.950	0.955	0.894	0.955	0.947	0.789	0.793	0.040
10:14:43	23.7	0.899	0.824	0.812	0.394	0.749	0.322	0.799	0.826	0.867	0.848	0.834	0.363	0.739	0.352	0.731	0.829	0.925	0.855	0.846	0.414	0.759	0.334	0.778	0.821	0.962	0.923	0.890	0.949	0.945	0.798	0.822	0.040	0.884	0.951	0.566	0.838	0.954	0.786	0.805	0.039	0.948	0.954	0.895	0.953	0.946	0.802	0.802	0.040
10:29:43	23.7	0.904	0.822	0.809	0.406	0.757	0.330	0.806	0.828	0.868	0.845	0.831	0.371	0.749	0.359	0.740	0.828	0.930	0.853	0.844	0.426	0.764	0.363	0.790	0.823	0.960	0.921	0.890	0.946	0.942	0.808	0.832	0.040	0.881	0.949	0.564	0.837	0.952	0.798	0.816	0.039	0.946	0.951	0.895	0.951	0.943	0.814	0.811	0.040
10:44:43	23.7	0.906	0.821	0.810	0.419	0.757	0.698	0.807	0.827	0.875	0.842	0.829	0.380	0.752	0.370	0.741	0.828	0.924	0.851	0.842	0.437	0.766	0.379	0.792	0.826	0.958	0.918	0.891	0.944	0.940	0.818	0.840	0.040	0.879	0.945	0.563	0.842	0.950	0.810	0.824	0.039	0.943	0.948	0.896	0.948	0.941	0.825	0.820	0.040
10:59:43	23.7	0.899	0.818	0.809	0.432	0.756	0.346	0.805	0.824	0.879	0.841	0.828	0.389	0.753	1.750	0.740	0.826	0.918	0.850	0.840	0.448	0.763	0.389	0.792	0.829	0.955	0.916	0.891	0.941	0.937	0.826	0.850	0.040	0.876	0.942	0.562	0.846	0.948	0.820	0.834	0.039	0.939	0.945	0.896	0.946	0.939	0.834	0.829	0.040
11:14:43	23.6	0.907	0.817	0.810	0.441	0.757	0.374	0.808	0.824	0.881	0.839	0.827	0.396	0.750	0.922	0.741	0.826	0.913	0.848	0.841	0.456	0.765	0.419	0.790	0.829	0.952	0.913	0.892	0.938	0.935	0.837	0.858	0.040	0.871	0.939	0.562	0.853	0.946	0.830	0.843	0.039	0.937	0.942	0.895	0.943	0.936	0.843	0.839	0.040
11:29:43	23.6	0.902	0.815	0.809	0.447	0.756	0.347	0.803	0.820	0.883	0.837	0.825	0.400	0.750	1.226	0.737	0.822	0.916	0.848	0.836	0.461	0.759	0.469	0.790	0.827	0.950	0.909	0.891	0.935	0.933	0.844	0.865	0.040	0.870	0.937	0.561	0.860	0.944	0.838	0.852	0.039	0.934	0.939	0.895	0.940	0.933	0.852	0.847	0.040
11:44:43	23.6	0.902	0.813	0.807	0.455	0.760	0.361	0.804	0.815	0.883	0.836	0.825	0.405	0.751	1.199	0.735	0.818	0.911	0.846	0.834	0.469	0.765	0.649	0.786	0.826	0.946	0.907	0.891	0.933	0.930	0.853	0.873	0.040	0.865	0.933	0.559	0.860	0.941	0.847	0.859	0.039	0.931	0.936	0.894	0.937	0.931	0.861	0.854	0.040
11:59:43	23.6	0.901	0.811	0.805	0.464	0.751	0.435	0.804	0.814	0.885	0.836	0.823	0.410	0.748	0.524	0.736	0.815	0.910	0.844	0.830	0.475	0.762	0.497	0.784	0.822	0.943	0.904	0.891	0.929	0.928	0.860	0.882	0.040	0.863	0.931	0.558	0.858	0.939	0.855	0.867	0.039	0.928	0.933	0.892	0.934	0.928	0.869	0.860	0.040
12:14:43	23.5	0.898	0.811	0.803	0.474	0.747	0.451	0.797	0.807	0.883	0.835	0.821	0.418	0.745	0.534	0.735	0.810	0.906	0.843	0.830	0.480	0.753	0.549	0.785	0.817	0.941	0.900	0.889	0.926	0.925	0.867	0.887	0.040	0.859	0.927	0.559	0.855	0.936	0.861	0.873	0.039	0.924	0.930	0.891	0.931	0.926	0.877	0.865	0.040
12:29:43	23.5	0.898	0.810	0.801	0.481	0.744	0.472	0.795	0.804	0.881	0.833	0.817	0.423	0.740	0.583	0.731	0.806	0.906	0.840	0.827	0.490	0.750	0.560	0.783	0.814	0.938	0.897	0.888	0.923	0.923	0.873	0.892	0.040	0.857	0.924	0.558	0.852	0.934	0.869	0.878	0.039	0.921	0.926	0.890	0.928	0.923	0.884	0.870	0.040
12:44:43	23.5	0.896	0.807	0.800	0.489	0.743	0.505	0.788	0.798	0.879	0.831	0.816	0.430	0.737	0.584	0.727	0.804	0.904	0.840	0.825	0.498	0.746	0.558	0.777	0.810	0.934	0.894	0.887	0.920	0.921	0.878	0.897	0.040	0.853	0.920	0.556	0.849	0.931	0.874	0.883	0.039	0.919	0.923	0.888	0.925	0.921	0.889	0.874	0.040
12:59:43	23.5	0.894	0.804	0.798	0.498	0.738	0.570	0.786	0.794	0.878	0.827	0.814	0.438	0.734	0.584	0.723	0.798	0.902	0.837	0.824	0.503	0.741	0.559	0.774	0.805	0.931	0.891	0.885	0.917	0.919	0.882	0.902	0.040	0.851	0.917	0.555	0.846	0.929	0.879	0.887	0.039	0.915	0.920	0.886	0.922	0.918	0.893	0.880	0.040
13:14:43	23.5	0.893	0.802	0.797	0.505	0.734	0.544	0.781	0.792	0.876	0.826	0.817	0.444	0.732	0.586	0.720	0.794	0.901	0.835	0.823	0.511	0.739	0.562	0.768	0.800	0.929	0.889	0.884	0.914	0.917	0.887	0.908	0.040	0.847	0.914	0.555	0.843	0.926	0.883	0.894	0.039	0.913	0.917	0.885	0.919	0.916	0.897	0.886	0.040
13:29:43	23.5	0.892	0.799	0.794	0.512	0.733	0.550	0.780	0.787	0.873	0.823	0.812	0.452	0.729	0.589	0.718	0.792	0.899	0.834	0.821	0.520	0.735	0.555	0.767	0.796	0.925	0.886	0.882	0.911	0.915	0.893	0.915	0.040	0.844	0.912	0.554	0.840	0.924	0.888	0.900	0.039	0.908	0.914	0.883	0.916	0.913	0.902	0.892	0.040
13:44:43	23.5	0.891	0.797	0.791	0.521	0.729	0.539	0.777	0.784	0.872	0.821	0.812	0.458	0.727	0.597	0.714	0.785	0.897	0.830	0.819	0.528	0.732	0.549	0.760	0.791	0.922	0.882	0.881	0.908	0.914	0.900	0.922	0.040	0.841	0.908	0.554	0.837	0.922	0.894	0.907	0.039	0.905	0.911	0.881	0.913	0.911	0.907	0.898	0.040
13:59:43	23.5	0.891	0.797	0.797	0.532	0.726	0.543	0.773	0.780	0.872	0.819	0.810	0.464	0.724	0.598	0.712	0.784	0.894	0.829	0.815	0.539	0.728	0.572	0.757	0.786	0.920	0.880	0.879	0.905	0.913	0.907	0.925	0.040	0.838	0.905	0.553	0.834	0.919	0.900	0.912	0.039	0.902	0.907	0.880	0.910	0.909	0.914	0.901	0.040
14:14:43	23.5	0.888	0.794	0.796	0.539	0.723	0.543	0.765	0.776	0.870	0.816	0.814	0.471	0.721	0.590	0.708	0.778	0.894	0.827	0.815	0.547	0.725	0.582	0.753	0.782	0.916	0.876	0.877	0.902	0.910	0.911	0.929	0.040	0.835	0.902	0.553	0.831	0.917	0.906	0.916	0.039	0.900	0.905	0.877	0.907	0.906	0.919	0.904	0.040

Results
	1	2	3	4	5	6	7	8
A	4.733	3.227	2.993	1.013	3.387	24.487	4.033	4.007	Max V [600]
	1.000	1.000	1.000	1.000	1.000	1.000	1.000	1.000	R-Squared [600]
	4:07:13	7:07:13	6:07:13	8:22:13	9:07:13	10:37:13	9:07:13	8:07:13	t at Max V [600]
	2:39:53	4:21:53	3:29:01	4:41:57	6:26:49	10:19:12	6:45:02	6:04:20	Lagtime [600]
B	4.240	3.127	3.607	0.853	3.580	92.013	3.847	3.667	Max V [600]
	1.000	1.000	1.000	1.000	1.000	1.000	1.000	1.000	R-Squared [600]
	5:07:13	5:52:13	4:37:13	8:22:13	9:22:13	10:52:13	9:22:13	9:22:13	t at Max V [600]
	3:42:27	3:33:58	3:00:48	4:16:21	6:47:36	10:41:32	7:00:28	6:22:03	Lagtime [600]
C	5.147	3.080	2.880	0.967	3.753	11.973	3.700	3.567	Max V [600]
	1.000	1.000	1.000	1.000	1.000	1.000	1.000	1.000	R-Squared [600]
	3:37:13	3:37:13	4:22:13	8:22:13	9:22:13	11:37:13	9:22:13	8:22:13	t at Max V [600]
	2:31:03	2:22:44	2:47:32	4:16:04	6:43:47	10:56:39	6:44:07	6:05:24	Lagtime [600]
D	5.260	5.053	3.793	5.153	4.793	2.307	2.193	-0.027	Max V [600]
	1.000	1.000	1.000	1.000	1.000	1.000	1.000	1.000	R-Squared [600]
	3:22:13	3:22:13	3:07:13	3:22:13	3:37:13	8:52:13	8:22:13	11:22:13	t at Max V [600]
	2:14:38	2:10:38	1:48:26	2:13:33	2:23:39	4:34:27	4:08:01	11:40:58	Lagtime [600]
E	4.640	5.240	2.747	4.213	5.020	2.167	2.213	0.013	Max V [600]
	1.000	1.000	1.000	1.000	1.000	1.000	1.000	1.000	R-Squared [600]
	3:07:13	3:22:13	2:52:13	5:07:13	3:37:13	9:07:13	8:37:13	6:22:13	t at Max V [600]
	2:01:48	2:16:32	1:26:18	3:49:28	2:29:26	4:31:17	4:16:59	6:37:13	Lagtime [600]
F	4.733	4.960	3.507	4.987	4.727	2.153	2.160	0.020	Max V [600]
	1.000	1.000	1.000	1.000	1.000	1.000	1.000	1.000	R-Squared [600]
	3:22:13	3:22:13	3:22:13	3:22:13	3:37:13	9:07:13	8:37:13	0:22:13	t at Max V [600]
	2:11:33	2:10:54	1:41:54	2:15:18	2:25:22	4:20:29	4:06:48	0:14:43	Lagtime [600]

