

Software Version	2.01.14



Experiment File Path:	C:\Users\Public\Documents\Experiments\Rachel\RNF_GrowthCurve_150626_plate3.xpt
Protocol File Path:	C:\Users\Public\Documents\Protocols\RNF_GrowthCurve.prt



Plate Number	Plate 1
Date	6/26/2015
Time	1:08:53 PM
Reader Type:	Synergy Mx
Reader Serial Number:	219512
Reading Type	Reader

Procedure Details

Plate Type	CellStar 48
Set Temperature	Incubator off
Start Kinetic	Runtime 8:00:00 (HH:MM:SS), Interval 0:15:00, 33 Reads
    Shake	Slow, Continuous
    Read	Absorbance Endpoint
	Full Plate
	Wavelengths:  600
	Read Speed: Normal,  Delay: 100 msec,  Measurements/Data Point: 8
End Kinetic	

600

Time	T° 600	A1	A2	A3	A4	A5	A6	A7	A8	B1	B2	B3	B4	B5	B6	B7	B8	C1	C2	C3	C4	C5	C6	C7	C8	D1	D2	D3	D4	D5	D6	D7	D8	E1	E2	E3	E4	E5	E6	E7	E8	F1	F2	F3	F4	F5	F6	F7	F8
0:14:43	23.7	0.119	0.123	0.124	0.128	0.107	0.095	0.123	0.115	0.119	0.126	0.122	0.121	0.104	0.095	0.112	0.116	0.120	0.118	0.128	0.124	0.105	0.094	0.123	0.119	0.108	0.099	0.132	0.113	0.114	0.116	0.115	0.083	0.105	0.098	0.127	0.110	0.116	0.116	0.113	0.083	0.109	0.100	0.112	0.113	0.105	0.114	0.111	0.083
0:29:43	23.7	0.122	0.125	0.130	0.132	0.108	0.096	0.122	0.115	0.123	0.129	0.127	0.126	0.106	0.096	0.113	0.117	0.125	0.118	0.132	0.127	0.106	0.094	0.121	0.117	0.106	0.100	0.129	0.112	0.116	0.119	0.115	0.083	0.104	0.097	0.123	0.109	0.115	0.116	0.113	0.083	0.109	0.101	0.111	0.113	0.106	0.116	0.110	0.084
0:44:43	23.7	0.125	0.127	0.135	0.136	0.109	0.097	0.125	0.118	0.127	0.132	0.131	0.131	0.106	0.097	0.116	0.119	0.128	0.120	0.136	0.131	0.107	0.095	0.125	0.121	0.108	0.100	0.132	0.114	0.119	0.121	0.116	0.084	0.106	0.098	0.125	0.110	0.117	0.118	0.114	0.082	0.110	0.102	0.112	0.114	0.107	0.118	0.111	0.084
0:59:43	23.8	0.128	0.130	0.138	0.140	0.110	0.098	0.131	0.122	0.130	0.136	0.134	0.134	0.107	0.098	0.119	0.125	0.132	0.122	0.138	0.134	0.108	0.096	0.132	0.126	0.111	0.102	0.136	0.117	0.122	0.124	0.119	0.084	0.108	0.098	0.129	0.113	0.121	0.121	0.116	0.082	0.112	0.103	0.114	0.117	0.110	0.122	0.113	0.084
1:14:43	23.8	0.132	0.132	0.141	0.144	0.111	0.099	0.138	0.129	0.135	0.141	0.138	0.139	0.109	0.100	0.126	0.132	0.136	0.125	0.142	0.138	0.109	0.097	0.139	0.133	0.116	0.103	0.142	0.124	0.128	0.129	0.122	0.084	0.113	0.100	0.133	0.118	0.127	0.126	0.119	0.082	0.117	0.105	0.117	0.123	0.114	0.126	0.117	0.084
1:29:43	23.9	0.137	0.139	0.146	0.149	0.112	0.100	0.146	0.136	0.140	0.148	0.143	0.144	0.110	0.101	0.133	0.139	0.141	0.128	0.148	0.143	0.110	0.098	0.147	0.140	0.122	0.106	0.149	0.131	0.136	0.135	0.127	0.084	0.118	0.102	0.139	0.124	0.134	0.131	0.123	0.083	0.123	0.108	0.123	0.130	0.119	0.133	0.120	0.084
1:44:43	23.9	0.144	0.142	0.153	0.156	0.113	0.101	0.154	0.144	0.146	0.153	0.150	0.151	0.111	0.102	0.140	0.146	0.147	0.133	0.155	0.150	0.111	0.099	0.155	0.148	0.129	0.109	0.160	0.139	0.143	0.143	0.132	0.084	0.123	0.105	0.147	0.130	0.142	0.137	0.128	0.082	0.129	0.111	0.128	0.137	0.125	0.140	0.125	0.084
1:59:43	24.0	0.151	0.150	0.161	0.163	0.115	0.102	0.163	0.152	0.152	0.162	0.157	0.159	0.112	0.103	0.146	0.154	0.154	0.137	0.162	0.158	0.112	0.100	0.164	0.156	0.135	0.112	0.173	0.148	0.152	0.151	0.138	0.084	0.129	0.107	0.158	0.138	0.151	0.144	0.134	0.082	0.136	0.114	0.135	0.145	0.131	0.147	0.130	0.084
2:14:43	24.1	0.157	0.156	0.168	0.170	0.116	0.103	0.177	0.164	0.158	0.172	0.164	0.166	0.113	0.104	0.155	0.165	0.160	0.143	0.170	0.164	0.114	0.101	0.178	0.169	0.142	0.116	0.189	0.160	0.163	0.159	0.145	0.083	0.135	0.111	0.170	0.146	0.161	0.151	0.139	0.082	0.142	0.118	0.143	0.155	0.137	0.155	0.135	0.084
2:29:43	24.1	0.166	0.167	0.177	0.179	0.118	0.105	0.199	0.183	0.166	0.185	0.172	0.175	0.115	0.106	0.168	0.183	0.168	0.150	0.179	0.174	0.115	0.102	0.199	0.189	0.152	0.121	0.208	0.175	0.177	0.170	0.154	0.084	0.142	0.114	0.186	0.157	0.176	0.160	0.146	0.082	0.152	0.124	0.154	0.169	0.145	0.165	0.140	0.084
2:44:43	24.1	0.175	0.180	0.188	0.189	0.119	0.106	0.228	0.208	0.175	0.195	0.182	0.185	0.116	0.106	0.189	0.208	0.177	0.160	0.190	0.184	0.117	0.103	0.227	0.216	0.168	0.126	0.235	0.198	0.199	0.184	0.165	0.084	0.154	0.118	0.206	0.173	0.197	0.171	0.155	0.082	0.167	0.129	0.167	0.188	0.156	0.178	0.148	0.084
2:59:43	24.2	0.185	0.193	0.199	0.200	0.121	0.107	0.266	0.243	0.185	0.218	0.193	0.197	0.118	0.108	0.215	0.241	0.188	0.172	0.202	0.195	0.119	0.105	0.262	0.250	0.188	0.131	0.268	0.227	0.226	0.205	0.178	0.084	0.171	0.123	0.234	0.194	0.224	0.188	0.166	0.082	0.188	0.134	0.184	0.215	0.172	0.196	0.158	0.084
3:14:43	24.3	0.196	0.209	0.212	0.212	0.124	0.108	0.309	0.281	0.196	0.234	0.206	0.210	0.121	0.109	0.249	0.281	0.199	0.185	0.215	0.208	0.122	0.106	0.302	0.292	0.215	0.137	0.309	0.264	0.260	0.232	0.194	0.084	0.192	0.128	0.267	0.222	0.256	0.209	0.180	0.082	0.214	0.141	0.207	0.248	0.194	0.221	0.170	0.084
3:29:43	24.4	0.209	0.231	0.226	0.226	0.127	0.109	0.364	0.325	0.208	0.249	0.219	0.224	0.123	0.111	0.290	0.329	0.212	0.201	0.229	0.222	0.125	0.107	0.353	0.340	0.249	0.145	0.365	0.307	0.298	0.263	0.215	0.084	0.221	0.133	0.311	0.255	0.293	0.235	0.197	0.082	0.247	0.151	0.237	0.289	0.221	0.251	0.184	0.084
3:44:43	24.4	0.221	0.251	0.240	0.239	0.131	0.111	0.437	0.384	0.220	0.271	0.233	0.237	0.127	0.112	0.337	0.390	0.223	0.220	0.244	0.236	0.129	0.109	0.426	0.405	0.288	0.156	0.438	0.364	0.344	0.299	0.241	0.083	0.254	0.140	0.370	0.294	0.338	0.265	0.219	0.082	0.285	0.164	0.273	0.339	0.253	0.285	0.202	0.084
3:59:43	24.4	0.234	0.270	0.257	0.255	0.135	0.113	0.512	0.450	0.233	0.304	0.248	0.253	0.131	0.114	0.403	0.469	0.236	0.239	0.260	0.252	0.133	0.111	0.505	0.490	0.337	0.172	0.512	0.437	0.401	0.340	0.272	0.084	0.297	0.150	0.444	0.348	0.394	0.303	0.246	0.082	0.333	0.182	0.320	0.403	0.290	0.324	0.225	0.084
4:14:43	24.4	0.248	0.293	0.274	0.272	0.140	0.115	0.579	0.514	0.248	0.325	0.265	0.271	0.135	0.116	0.482	0.541	0.252	0.264	0.278	0.269	0.137	0.113	0.570	0.563	0.400	0.192	0.569	0.511	0.467	0.390	0.310	0.083	0.348	0.164	0.519	0.416	0.461	0.341	0.279	0.082	0.393	0.206	0.384	0.479	0.333	0.369	0.254	0.084
4:29:43	24.3	0.265	0.322	0.295	0.291	0.146	0.118	0.628	0.565	0.266	0.356	0.284	0.291	0.140	0.119	0.550	0.592	0.271	0.292	0.300	0.290	0.143	0.116	0.623	0.622	0.471	0.219	0.612	0.567	0.535	0.450	0.356	0.084	0.415	0.184	0.569	0.482	0.524	0.389	0.315	0.082	0.466	0.234	0.458	0.545	0.385	0.422	0.288	0.084
4:44:43	24.3	0.283	0.349	0.319	0.314	0.152	0.121	0.672	0.627	0.285	0.482	0.306	0.314	0.146	0.122	0.601	0.647	0.291	0.314	0.325	0.314	0.150	0.120	0.672	0.673	0.537	0.250	0.660	0.622	0.590	0.517	0.398	0.084	0.490	0.208	0.619	0.535	0.581	0.446	0.360	0.082	0.530	0.266	0.521	0.594	0.448	0.483	0.329	0.084
4:59:43	24.3	0.304	0.419	0.344	0.338	0.159	0.124	0.716	0.660	0.306	0.466	0.331	0.339	0.153	0.126	0.650	0.690	0.314	0.369	0.352	0.340	0.158	0.124	0.712	0.713	0.591	0.284	0.698	0.670	0.634	0.577	0.439	0.084	0.550	0.238	0.666	0.583	0.631	0.506	0.397	0.082	0.582	0.306	0.568	0.638	0.512	0.547	0.374	0.084
5:14:43	24.3	0.327	0.451	0.372	0.365	0.168	0.129	0.753	0.703	0.330	0.449	0.357	0.367	0.161	0.130	0.691	0.721	0.338	0.427	0.381	0.369	0.167	0.130	0.749	0.754	0.638	0.328	0.729	0.706	0.682	0.621	0.485	0.084	0.606	0.271	0.701	0.630	0.684	0.559	0.435	0.082	0.632	0.355	0.610	0.685	0.565	0.598	0.414	0.084
5:29:43	24.3	0.352	0.445	0.403	0.395	0.176	0.134	0.778	0.734	0.355	0.482	0.387	0.397	0.169	0.136	0.723	0.755	0.365	0.434	0.414	0.401	0.177	0.136	0.773	0.776	0.688	0.380	0.758	0.740	0.706	0.677	0.536	0.084	0.655	0.311	0.734	0.668	0.711	0.602	0.481	0.082	0.676	0.406	0.651	0.718	0.610	0.642	0.455	0.084
5:44:43	24.3	0.379	0.447	0.438	0.428	0.187	0.140	0.804	0.762	0.384	0.492	0.420	0.431	0.179	0.142	0.751	0.784	0.394	0.495	0.450	0.436	0.188	0.143	0.799	0.805	0.721	0.427	0.784	0.772	0.732	0.704	0.586	0.084	0.703	0.362	0.768	0.707	0.741	0.653	0.523	0.082	0.711	0.443	0.682	0.750	0.659	0.690	0.504	0.084
5:59:43	24.2	0.408	0.538	0.473	0.463	0.199	0.147	0.820	0.787	0.413	0.568	0.455	0.467	0.190	0.149	0.775	0.806	0.425	0.518	0.487	0.473	0.200	0.150	0.825	0.817	0.746	0.467	0.808	0.803	0.760	0.727	0.623	0.084	0.735	0.409	0.795	0.743	0.775	0.672	0.572	0.082	0.737	0.494	0.713	0.780	0.681	0.705	0.547	0.084
6:14:43	24.2	0.437	0.546	0.511	0.500	0.210	0.154	0.858	0.832	0.444	0.605	0.492	0.504	0.201	0.157	0.799	0.846	0.456	0.526	0.526	0.511	0.213	0.159	0.871	0.860	0.774	0.524	0.830	0.828	0.782	0.751	0.663	0.084	0.758	0.451	0.819	0.775	0.803	0.696	0.602	0.082	0.764	0.541	0.742	0.809	0.706	0.727	0.595	0.084
6:29:43	24.2	0.469	0.583	0.548	0.538	0.224	0.164	0.861	0.844	0.475	0.626	0.529	0.542	0.214	0.166	0.833	0.865	0.488	0.572	0.565	0.550	0.228	0.169	0.899	0.892	0.796	0.568	0.850	0.852	0.801	0.772	0.694	0.084	0.781	0.508	0.838	0.800	0.828	0.722	0.631	0.082	0.783	0.583	0.767	0.832	0.734	0.751	0.625	0.084
6:44:43	24.2	0.500	0.594	0.585	0.575	0.239	0.174	0.884	0.868	0.508	0.648	0.568	0.578	0.228	0.177	0.842	0.888	0.519	0.615	0.602	0.589	0.243	0.180	0.914	0.911	0.825	0.606	0.869	0.875	0.822	0.789	0.721	0.083	0.804	0.553	0.858	0.824	0.851	0.742	0.658	0.082	0.816	0.622	0.788	0.856	0.755	0.768	0.660	0.084
6:59:43	24.2	0.527	0.643	0.620	0.610	0.255	0.185	0.905	0.890	0.540	0.621	0.604	0.614	0.243	0.188	0.875	0.912	0.550	0.623	0.637	0.625	0.260	0.192	0.935	0.930	0.861	0.647	0.885	0.897	0.838	0.805	0.745	0.084	0.839	0.597	0.879	0.848	0.870	0.757	0.695	0.082	0.847	0.653	0.808	0.876	0.773	0.781	0.691	0.084
7:14:43	24.1	0.559	0.586	0.653	0.644	0.272	0.198	0.921	0.904	0.569	0.647	0.638	0.647	0.260	0.200	0.896	0.935	0.578	0.631	0.671	0.659	0.277	0.205	0.951	0.945	0.876	0.678	0.898	0.913	0.856	0.820	0.764	0.084	0.870	0.635	0.894	0.865	0.890	0.771	0.717	0.082	0.866	0.681	0.827	0.895	0.792	0.795	0.715	0.084
7:29:43	24.1	0.584	0.634	0.685	0.677	0.290	0.211	0.937	0.918	0.595	0.684	0.671	0.679	0.278	0.214	0.910	0.949	0.606	0.650	0.704	0.692	0.297	0.220	0.968	0.959	0.895	0.707	0.906	0.927	0.871	0.831	0.784	0.084	0.888	0.664	0.904	0.879	0.906	0.786	0.743	0.082	0.883	0.705	0.839	0.910	0.807	0.809	0.737	0.084
7:44:43	24.1	0.609	0.641	0.716	0.708	0.310	0.226	0.954	0.920	0.620	0.661	0.703	0.710	0.296	0.229	0.921	0.957	0.635	0.675	0.735	0.724	0.317	0.235	0.977	0.963	0.907	0.727	0.922	0.940	0.880	0.838	0.802	0.083	0.909	0.695	0.916	0.886	0.916	0.799	0.763	0.082	0.895	0.727	0.846	0.922	0.826	0.820	0.758	0.084
7:59:43	24.0	0.638	0.665	0.747	0.739	0.332	0.243	0.963	0.931	0.651	0.694	0.735	0.741	0.317	0.246	0.935	0.962	0.662	0.689	0.767	0.755	0.339	0.253	0.984	0.970	0.921	0.748	0.925	0.957	0.890	0.838	0.817	0.084	0.926	0.715	0.922	0.908	0.925	0.808	0.778	0.082	0.912	0.750	0.856	0.931	0.836	0.826	0.776	0.084
8:14:43	24.0	0.666	0.686	0.777	0.769	0.354	0.261	0.968	0.937	0.678	0.763	0.766	0.772	0.339	0.263	0.945	0.972	0.691	0.712	0.798	0.787	0.363	0.271	0.991	0.976	0.936	0.772	0.928	0.965	0.897	0.833	0.833	0.084	0.942	0.739	0.924	0.915	0.933	0.811	0.796	0.082	0.924	0.771	0.877	0.953	0.846	0.830	0.793	0.084

Results
	1	2	3	4	5	6	7	8
A	2.140	6.053	2.507	2.520	1.487	1.167	4.967	4.387	Max V [600]
	1.000	1.000	1.000	1.000	1.000	1.000	1.000	1.000	R-Squared [600]
	7:07:13	5:52:13	6:07:13	6:22:13	8:07:13	8:07:13	3:52:13	3:52:13	t at Max V [600]
	3:49:15	4:51:08	3:40:20	3:46:59	5:27:58	5:52:41	2:41:24	2:43:14	Lagtime [600]
B	2.147	8.347	2.540	2.507	1.453	1.187	5.293	5.253	Max V [600]
	1.000	1.000	1.000	1.000	1.000	1.000	1.000	1.000	R-Squared [600]
	6:37:13	4:37:13	6:37:13	6:22:13	8:07:13	8:07:13	4:07:13	3:52:13	t at Max V [600]
	3:43:42	4:02:03	3:49:22	3:42:00	5:32:45	5:52:48	3:04:52	2:52:40	Lagtime [600]
C	2.187	4.067	2.600	2.593	1.553	1.193	5.273	5.713	Max V [600]
	1.000	1.000	1.000	1.000	1.000	1.000	1.000	1.000	R-Squared [600]
	6:22:13	5:37:13	6:07:13	6:22:13	8:07:13	8:07:13	3:52:13	3:52:13	t at Max V [600]
	3:41:20	4:12:07	3:41:29	3:45:15	5:28:53	5:46:24	2:47:19	2:54:42	Lagtime [600]
D	4.780	3.793	4.967	4.927	4.500	4.473	3.393	0.027	Max V [600]
	1.000	1.000	1.000	1.000	1.000	1.000	1.000	1.000	R-Squared [600]
	4:22:13	6:07:13	3:52:13	4:07:13	4:22:13	4:37:13	5:22:13	4:22:13	t at Max V [600]
	3:13:48	4:22:42	2:43:08	2:53:55	2:56:06	3:14:51	3:25:37	4:07:13	Lagtime [600]
E	5.053	3.793	4.980	4.567	4.433	4.007	3.287	0.013	Max V [600]
	1.000	1.000	1.000	1.000	1.000	1.000	1.000	1.000	R-Squared [600]
	4:37:13	6:22:13	3:52:13	4:07:13	4:07:13	4:52:13	5:52:13	5:22:13	t at Max V [600]
	3:28:21	4:41:43	2:55:58	3:07:47	2:56:54	3:22:09	3:39:56	5:52:13	Lagtime [600]
F	4.873	3.427	4.933	5.080	4.247	4.247	3.307	0.047	Max V [600]
	1.000	1.000	1.000	1.000	1.000	1.000	1.000	1.000	R-Squared [600]
	4:22:13	5:52:13	4:22:13	4:07:13	4:52:13	4:52:13	5:37:13	0:22:13	t at Max V [600]
	3:16:24	4:04:39	3:19:30	3:02:35	3:23:55	3:17:49	3:45:39	0:14:43	Lagtime [600]

